sugar	etanol
-0.000276967	-0.008003244
-0.002774367	-0.010500904
0.000277833	-0.007744078
0.003742426	0.00449072
-0.00193879	-0.004899969
0.004287966	-0.005747142
-0.004565187	-0.006608863
0.000554491	-0.00415283
0.004424772	-0.009617469
0.000827445	-0.00210305
-0.00124152	-0.010582109
0.000414076	-0.008976337
-0.000138006	-0.000859107
0.000689648	-0.009065462
0.003029068	-0.014413877
-0.002201983	-0.002643173
0.003713076	0.004840493
-0.005781927	-0.02444023
0.000414093	-0.019532758
0.000276031	-0.050810552
0.004405293	-0.001448926
-0.001099533	0.001931435
-0.001376056	-0.017518696
-0.001791814	0.001961747
-0.002486189	-0.010342372
-0.005129938	-0.024556483
-0.002923354	-0.017400644
-0.008540479	-0.044874248
-0.004933494	-0.037968797
-0.017532999	-0.027866461
0.006593101	-0.033424396
-0.010916541	0.007722046
0.003460283	0
-0.001584444	0.010594566
-0.002309194	-0.005872007
0.000288992	0.01461587
0.000288807	0.000580215
-0.008993432	-0.006400953
-0.008340074	-0.018262658
0.002054881	0.0059277
0.003805098	-0.059037525
-0.013233556	-0.019627094
-0.006236086	0.010178205
-0.004179081	0.00315956
0.003583118	0.039584636
0.001340443	0.023375353
-0.007919324	0.053630608
0.012522465	0.043938973
-0.001185918	0.049787594
0.008860055	-0.008213599
-0.004863247	0.000515331
-0.004738629	-0.017147731
-0.001485532	-0.030329539
-0.0047683	-0.033510414
-0.010510562	-0.040472893
-0.002872075	-0.0289191
-0.012950574	-0.023630303
-0.038454238	-0.019189694
-0.005112649	-0.003129893
-0.008364212	0.009981368
-0.061624573	-0.004354595
-0.008280175	-0.011916102
-0.006429755	-0.002526849
-0.041105369	-0.004437408
-0.016853266	-0.008293508
-0.032291166	0.00064041
-0.01907025	-0.010296101
-0.038660717	0.000646621
-0.026422448	0.003870973
-0.016532782	-0.008406128
-0.028249236	0.005827145
-0.059011532	0
-0.008323747	-0.006476707
-0.012617013	-0.00130039
-0.005659011	-0.00065083
-0.013809791	-0.003913899
-0.007459955	0.003913899
-0.014353755	0.002600782
-0.003682366	-0.00847739
0.000983309	-0.001966569
0.008319108	0.000655953
0.005103888	-0.01121014
0.001211363	-0.004652717
-0.001696329	-0.012064489
0.004114782	-0.002700879
-0.003629816	0.010090903
-0.008032221	-0.006042314
-0.007604526	0
-0.007166743	-0.008792752
0.004701184	-0.004766778
0.007133249	0.007480484
-0.007133249	0.002030458
0.004187763	-0.005423742
-0.006164488	0.007450085
-0.01069263	0.004712227
0.005236242	0.008026799
0.004961583	0.03662934
0	0.011494379
-0.001981621	0.001269036
-0.000992334	0.008838441
-0.000496549	-0.008204527
0.000744669	-0.0063573
0.002725835	-0.0102565
-0.001733747	-0.00322685
0.003464492	-0.000646621
-0.0101801	0.004517594
0.003487771	0.005778507
-0.000497512	-0.00128123
0.001243392	-0.015504187
0.002481957	0.019342963
-0.00871406	0.019602272
0.007721971	0.025959431
-0.003978126	0.002437539
0.001991091	0.042889242
0	0.019059197
0.002731249	0.011942138
0.003959421	-0.002263725
0.003943806	-0.010250659
0.006131227	0.002287022
0.0036607	0
0.001460614	-0.00630194
0.002429496	-0.010398707
-0.001943115	-0.000580889
0.000243053	-0.004659298
0.009916637	-0.007617968
0.0124374	0.000588062
0.024420114	0.027255964
-0.002787435	0.019825062
0.010873375	0.000560695
0.022748934	0.00447428
0.000899303	-0.001116695
0.001796184	-0.001677384
-0.000897689	-0.002240897
0.00470376	-0.003933694
0.001339906	-0.001126761
0.015720439	0.000563539
0.004821443	0
0.022696294	-0.000563539
0.005328799	-0.005652926
0.001911437	0.003960401
0.009502785	-0.001129944
0.00398528	-0.003964888
0.004178009	-0.006262474
0.012636128	0.010792493
-0.001648167	0
0.005756574	-0.002262444
0.012630092	-0.001700199
0.007662812	0.00226629
0.005409209	0.005080451
0.009742636	0.001125493
0.004540507	0.003929278
0.006478829	0.001119821
0.007020329	0.001677384
0.008899246	0.005015335
0.017564446	0.00609589
0.03951912	0.00441015
0.013372046	0.00712527
0.017085289	0.016251712
0.017492138	0.002683125
0.016168275	0.005877655
0.010185082	0.012179129
0.020726164	0.004201687
0.016244479	0.001571092
0.012133126	0.007299302
0.016426524	0.024629259
0.01926896	0.026508179
0.019209197	0.007376478
0.009241805	-0.000490076
0.014670967	-0.001962709
0.00636992	0.006852694
0.010429753	-0.001953126
0.012633625	0.000488639
0.013188235	0.001464486
0.016944729	-0.001464486
-0.000560238	-0.001955991
0.001679774	0.004395611
0.001397596	0.000974184
0.00473742	0.001459499
0.00526825	0.000971817
0.000414709	0
0.001795278	-0.003405501
0.002342714	0
0.008088275	0.001460921
0.005039207	-0.003900541
-0.000543566	-0.001466634
0.002036812	0.001955035
0.009316249	0
0.000940278	-0.00097704
0.00107347	0.00097704
0.000536337	0.000976086
-0.005241582	0.000975134
0.007384111	0
0.015265471	0.009216655
-0.011793776	0.004816965
0.010343628	0.002399809
0.004475406	0.000958313
-0.01455242	0.00143575
-0.000133298	0.00334209
0.001198855	0
0.005575456	0.004755121
-0.009844405	0.000474271
-0.002409317	0.006145139
0.003611749	0.016359327
0.007449789	0.003239994
0.007789385	0.00415034
0.000920145	0.004133186
-0.007782193	0.008215473
0.000529534	0.000454442
0.000661547	0.002722325
-0.010637024	0.005873069
0.009048632	0.002699057
0.004625635	0.006715942
0.003685277	0.00044613
-0.013091175	-0.001785715
-0.003333114	-0.004029555
-0.003344261	0.001792918
0.003744915	0.000447728
0.002000321	0.005802293
-0.004807715	0.001778569
0.007335852	0.009285939
0.004640353	0.002198286
-0.00013231	0
0.008037477	0.000439078
-0.004735618	0.006126934
0.001581068	0.005655878
0.003417036	0.000867303
0.002358814	0.014630209
-0.001047695	0.002133562
0.001309389	-0.005128216
-0.003014169	-0.000428541
0.001442731	-0.006450248
-0.006706607	-0.00345722
0.005788754	0.000432807
-0.002890188	-0.000865801
0.005771956	-0.001733854
0.000523094	0
-0.004980312	0.002166848
0.00301732	-0.000866176
0.002616498	0.001298983
0.005732194	0.003455727
-0.006254946	-0.004321528
0.001436889	0.00948283
-0.007073661	-0.006887673
0.002101156	0.001726371
-0.004206645	0
0.007872997	0.000431127
0.004564121	0.004301082
0.001300195	-0.002148229
0.000129955	0.003863495
-0.013340559	0.002567396
0.008130166	0.008934329
-0.01063488	0.00717454
-0.009016237	0.014610988
0.010467151	0.010717333
-0.003697443	0.004091659
-0.003578243	0.003668233
-0.006660475	0.005274916
0.000668087	0.001617469
-0.004149173	0.006042314
-0.002685967	0.006006024
-0.000269065	0.003188524
-0.007019413	0.015400107
-0.01570108	0.019403015
0.003297242	0.036600954
0.000137064	0.018719578
0.009417977	0.012646962
-0.009280823	0.005728623
-0.002746082	-0.003576542
-0.005929825	-0.000716846
-0.001799751	0.015653112
-0.006254757	0.009135692
-0.007136419	0.002096437
-0.006056783	0.0183301
-0.00212152	0.048496378
-0.005964204	0.043443433
0.001281105	0.026223931
-0.007137789	0.012407483
-0.003444392	0.014036366
0.005019097	0.004733737
-0.001145012	-0.015767097
-0.005456719	-0.023359169
-0.014211318	-0.010490686
-0.004391152	-0.025445067
-0.012992904	-0.022198113
0.005779063	-0.019379815
0.00132886	-0.034073122
-0.009637468	-0.004815971
0.011553957	-0.002071109
-0.002654492	-0.014268556
-0.007261951	-0.005271493
-0.000892932	-0.000352423
-0.002981917	-0.000352547
-0.004339715	-0.000705467
0.004040969	0.001410437
-0.00809832	0.023677986
0.000301054	0.011972094
-0.00649402	0.020195907
-0.005774169	0.005648794
0.002435252	-0.009320973
-0.008089779	-0.031252544
-0.002608733	-0.014949001
-0.007402933	-0.029502762
-0.007926097	-0.033752287
-0.004691829	-0.026849788
-0.002668583	-0.029957502
0.000942671	-0.045241964
0.000314037	-0.055652499
-0.006457224	-0.080479675
-0.006499191	-0.03321605
-0.020079383	-0.000979432
-0.004553643	-0.003435586
0.007793577	-0.00344743
-0.002915454	0.003938951
-0.010599398	0
-0.005919139	0.00049128
-0.013781837	0.003921574
-0.001338481	0.003906255
0.001171237	0.006315299
-0.0269485	0.007718321
-0.015756538	0.017151445
-0.013706048	0.00987082
-0.00585577	-0.003748833
0.000355872	-0.001409444
-0.016502581	0.000470035
-0.007807575	-0.006600684
-0.00127679	0.005189915
-0.002558463	-0.009456335
0	0.005684525
-0.015118281	-0.000472478
-0.001673329	0.009407407
-0.000558455	0.008391658
0.00353133	0.02927931
0.001853532	0.036303234
0.004434634	0.009950331
-0.001106844	0.011130252
0.004052354	0.015209419
0.004950886	0.002512564
0.003104778	0.002088992
0.00145769	0
0.002000928	0.000834376
0.006520581	0.000416927
0.005221962	-0.000416927
0.003048474	-0.001669449
0.000715966	0.00375235
0.00819675	-0.00083264
0.002481462	0.00374143
0.005120467	-0.002492731
0.003867134	-0.001665279
0.01462931	-0.006269613
0.008093045	-0.005465643
0.007347337	-0.003801483
0.022556081	-0.00042328
0.013556167	-0.005944816
0.012564349	0.001276868
0.026087757	0.00085034
0.004099044	0.005086912
0.019321292	0.000422744
0.004311663	0.00126716
0.006280116	0
0.010782989	-0.003382667
0.017073937	-0.002119992
0.008576158	0.006768215
0.006749828	0
0.001753405	-0.010169579
0.000437846	0.002976826
0.002914238	0.004660038
0.004355349	-0.000422744
0.008367071	0.000845309
0.001722435	-0.001268231
0.004007433	-0.007643349
-0.012938665	0.003828977
0.0015904	-0.000849618
-0.000578049	0.005932221
-0.004055596	-0.000845309
0.000725354	-0.000846024
-0.00188716	0.008847751
-0.001017664	0.007521974
0.000436254	0.005811556
0.00014541	0.009884759
-0.008907133	0.025491973
-0.007508346	0.009147011
0.004423525	0.002767347
0.001617068	0.006688988
0.005712194	0.007423359
-0.004391152	0.00272109
-0.00824864	0.003874472
0.00265879	-0.001160766
-0.002954722	0.001933863
0.00442875	-0.003095978
0.000736259	-0.00778214
-0.004277608	-0.001563722
-0.002812569	-0.001174398
-0.000296471	-0.001568013
-0.005948872	-0.004718845
-0.000298434	-0.00157791
-0.000596925	-0.002371543
-0.009450382	-0.006351748
-0.005288989	-0.001594261
0.000757334	0.001195934
-0.002121841	-0.001195934
-0.010217489	0
-0.000153215	0
0.007027206	-0.012038669
-0.001981014	-0.00283
-0.004433257	-0.001620746
-0.011867243	-0.004063394
-0.021310757	-0.003671226
0.008830111	-0.001226743
-0.010891166	0.001226743
-0.008286836	0.002856562
0.00047993	-0.002039568
0.003193886	0.002854232
0.000637504	0.010127694
-0.001115967	0.003219319
-0.001915999	0.006407711
-0.005770188	0.017412391
0	-0.000392388
0.001445667	0.001176701
-0.004182055	0.001566784
-0.005819625	-0.003921574
0.010483154	0.00039285
0.000801844	0.002745638
0.004478558	0.001174398
0.004140761	0.00390473
-0.003502583	0.003112843
0.012205905	0.005037794
-0.004421324	0.002316603
-0.003011319	0.005384628
0.004434581	0.00268148
0.004100337	0.00305577
-0.005681849	0.000762486
0.003476098	-0.000762486
-0.003951013	0.00266616
-0.00047522	0
0.006631984	-0.000761035
-0.004416458	0.002661093
-0.003959774	0.001138304
0.008061405	0.000379147
0.009401558	0.001136579
0.005288486	0.005663598
0.001859935	-0.000753296
0.001238038	0.001506024
-0.00713967	-0.000376294
-0.005466613	0.001504325
0.002658937	0.00187723
-0.00125036	-0.00187723
0.000625407	0.00562115
0.002965246	0
-0.002808928	-0.001495887
0.002029522	-0.002623198
0.00155833	-0.003006391
0.002022199	-0.001883594
-0.002022199	0.001507159
-0.004682434	-0.001884304
0.004059366	-0.001887862
-0.003746508	0.000755572
-0.004388706	-0.004921456
0.007043952	0.005676458
-0.00547437	-0.002266718
-0.000627502	-0.006069821
0.003290234	0.002280503
-0.006433918	-0.004947679
0.004868514	-0.002291827
-0.005498435	-0.006137342
0.002202975	-0.007725029
-0.000314432	-0.005833188
-0.006467394	-0.000780336
-0.005076958	-0.000390396
-0.001273245	-0.004304448
0.004766437	-0.009060531
-0.001427552	-0.010742097
0.003644146	-0.014504686
0.002527232	-0.000405927
-0.003476631	-0.000812348
0.000633027	0.000812348
0.002685869	0.006475134
-0.006648782	0.007234758
-0.000953393	0.008374924
-0.009905865	0.004754367
0.001123309	0.001185068
0.002082865	-0.000394867
-0.000640426	-0.001185537
-0.005943299	-0.001582905
-0.007600942	-0.011551612
-0.005697989	-0.008449054
-0.000653291	-0.022886164
0.001795495	-0.02257621
0.001629428	-0.00891915
0.00032559	-0.010291686
-0.004077311	-0.013015368
0.007975968	-0.00569303
0.000162098	-0.001318392
0.000486217	-0.00883398
-0.002595718	-0.000443754
-0.004069347	0.001330672
0.000326174	-0.011591748
0.000163006	0.008039347
-0.017929586	-0.003118737
-0.004991674	0.012417011
-0.006023123	0.000440626
-0.001847653	0.003956919
-0.00691694	0.028548652
-0.003391575	0.014815086
-0.006817787	0.011280671
-0.000171077	0.011976191
-0.000171038	0.002050442
-0.000684597	-0.001640017
-0.000171184	0.001230265
-0.002915238	-0.003284075
-0.001374772	-0.003294896
-0.004308494	0.001236859
-0.003633588	0.004111848
-0.002951118	0.00572833
0.00260436	0.006506733
-0.002082955	0.002833436
-0.001739096	0.000808081
-0.001219194	0.001210898
-0.002442838	0.007635159
0.004358065	0.001999601
0.000695479	0.002394255
-0.003133725	0.001194981
-0.005946153	0
-0.004394839	-0.003589236
0.000704491	-0.001599361
-0.000352175	0.001599361
0.000352175	-0.002800562
0.001231636	0.001201201
0.002458712	0.00040008
0.003502035	0.003593536
0.004534399	0.013460219
0.001564809	-0.003545405
0.000173699	-0.002370606
0.00398716	-0.000395648
0.004832647	-0.001584159
0.000516378	-0.000793021
0.003092786	0.000396589
-0.001029883	0.001584786
0.000171752	-0.000792079
0.002229604	0.000396118
0.002737384	-0.000396118
0.002389063	-0.001982947
-0.001364455	-0.002782749
-0.005648316	-0.010002084
-0.017313452	-0.009291119
-0.009299093	-0.006514681
-0.004062533	-0.01067772
-0.004790216	-0.004552046
-0.011806935	-0.000829876
-0.009219969	-0.006246116
-0.006925506	-0.010497682
-0.005317717	-0.000844595
-0.001471905	0.002110151
-0.006836091	0.007141387
-0.008751532	0.007090749
-0.000561257	0.004147663
-0.005441368	0.000413822
0.003755798	0.006597962
0.003555117	-0.000822368
0.00577331	0.000411269
0.003522165	-0.007428841
0.004799677	-0.002073399
-0.000921216	0.001659063
0.001841584	-0.002905169
0.004039704	0.007453451
0.002927724	-0.000825423
0.004375595	-0.015813896
0.000545585	-0.001679262
0.00036357	-0.005477157
0.001634451	-0.003809528
0.001450553	-0.012804272
-0.00435806	-0.00516797
0.000545784	-0.001728609
0.001635621	0.001296737
-0.001817503	0.000431872
0.001454245	-0.005194817
0.000181673	-0.000868433
0.004168561	-0.011358794
0.002168004	-0.001318971
-0.007245132	-0.005735732
0.002360437	0.003974393
-0.007463382	0
0.000182735	-0.005302708
0.006373471	0.00088574
0.008135288	0.002210923
-0.001621768	0.002206045
-0.003432449	-0.00044082
-0.003081072	0.00044082
-0.000908	-0.000881834
-0.000545261	0
-0.002183786	-0.000882613
0.002729047	0.000882613
0.003627153	0.000881834
0.001627928	0.003519581
-0.006709663	-0.005725627
0.001636215	-0.004426745
0.003264439	-0.000887705
-0.001449502	-0.004450386
0.00578557	0.001782532
-0.006511146	-0.009393941
-0.004182204	-0.003151027
-0.007131766	0.004947165
-0.002572659	0.000448531
0.001654583	-0.005846655
0.007867573	-0.004520803
-0.001459019	-0.000453206
0.009626793	0.001359004
0.016138076	-0.001359004
0.01096772	-0.001360853
0.004738947	-0.00045403
0.01131721	0.003626477
0.013072116	-0.002265007
0.011890763	0.002265007
0.000843936	-0.001811595
0.00185421	0.00316814
0.000336774	0.000451773
0.00084138	-0.000903751
0.004866206	-0.000904568
-0.002178484	0.000452386
-0.004371275	-0.003624834
-0.003375463	-0.011872286
-0.002200255	-0.00229938
-0.005777416	0.000920387
-0.006325331	-0.00970657
-0.003263801	-0.003722666
0.001031832	0
-0.004651572	0.006968669
0.000172632	-0.006502577
-0.006582338	0.000465875
-0.024275616	0.000465658
-0.013264256	0.002325042
-0.005246453	-0.000464576
0.001993314	0.000464576
-0.010555184	0.001392435
-0.003665712	0.002316424
-0.007002	0.002772645
-0.007796624	0.000461361
-0.004482675	0.006436804
0.002990731	0.017715658
-0.002429245	-0.003156711
-0.00751181	0.019235664
0.005451673	0.000442968
0.000562253	0.00441892
-0.016816627	-0.003976148
-0.010150408	0.003976148
-0.007147698	-0.00619197
-0.012878305	-0.005338091
-0.008876614	0.002672607
0.00395486	0.001777778
-0.00217321	-0.004896515
-0.014944982	-0.005817873
-0.006849342	-0.009470195
0.005040841	-0.008189309
0.002811811	-0.007336117
-0.003415413	-0.00092081
-0.018688316	-0.002305742
-0.014041114	0.003226553
-0.006467134	0.003216176
-0.003564277	-0.002296212
-0.010345326	-0.002301497
0.003389834	0.002301497
-0.006152496	-0.001840774
0.001063469	-0.006469523
0.007834852	-0.009315391
0.009028933	0.002336996
0.02293728	0.00139958
0.016010089	-0.007487166
0.001004702	-0.002351283
0.005607846	-0.000470921
0.016047912	0
0.012694204	-0.00377537
0.007154686	-0.000946074
0.008059878	-0.000473373
-0.001147485	-0.003795071
0.001911738	-0.003809528
-0.000573102	0.007131002
-0.009407807	-0.000473821
0.009980908	0.002366865
-0.00344368	-0.001419447
-0.012923355	0.006136437
-0.009362249	-0.001412762
0.002935155	0.000942063
-0.00117304	-0.002356824
-0.005885813	0.015917939
-0.010284921	0.012462658
0.002184511	0.009132484
-0.000793828	0.004535155
-0.012787367	0.016158341
-0.001408593	0.027230492
0.001408593	0.005616779
0.00341267	0.004299233
0.006989504	0.001286174
0.00694099	0.000428357
0.002960081	0.000428174
-0.001972348	-0.000856531
-0.004353034	-0.00300365
0.000594687	0.001288383
-0.001983694	0.012793351
-0.006774304	0.001270379
-0.003805673	0.003801483
-0.007453011	0.006303866
-0.000202164	-0.000419024
0.000808591	0
-0.000404224	-0.000838574
-0.002226046	0.001257598
-0.005281406	-0.001677149
-0.007358905	0.000838926
0.00184483	0
-0.002255275	-0.007575794
0.005322408	-0.005932221
-0.003271987	0.003817608
-0.010501466	-0.00042346
0.00598489	0.001692764
0.006153948	-0.000846024
0.000408833	0.001268767
0.010371257	-0.000845666
-0.005884181	-0.000423101
0.009720611	0.000846024
-0.00343188	0.003798274
0.016446399	0.000421141
-0.017458013	0.005877431
-0.00385363	0.002508363
0.002030086	-0.001671542
0.004047708	-0.000418323
-0.006077794	0.001672241
-0.000609798	-0.002090739
0.013330838	0.001254968
-0.007249327	-0.002930712
-0.005878217	0.000419199
0	0
-0.006935993	0.000419024
-0.001638968	0.001674341
-0.00349188	0.001253919
0.000205802	0.00375235
-0.005363111	0.002078571
0.000206866	-0.002494804
-0.000620519	0.001663894
-0.002901017	-0.000831601
-0.003533919	-0.00041606
-0.003337487	-0.001249219
0.003129178	0.011599136
0.002911899	0.015123934
0.005385224	0.002835732
0.001444938	0.000404449
-0.011409729	0.010858743
-0.002088514	0.005186527
0.001044802	0.007532246
-0.005655057	0.005121146
0.005655057	0.001570475
0.004792175	0.006647141
-0.004792175	0.00930961
0.012865896	0.008458336
-0.009946207	0.003439713
0.002495821	0.001905852
-0.003954589	0.002662105
0.002083292	0
-0.005844287	-0.00190078
-0.006510597	0
0.005253769	0.000380445
0.001047429	-0.00152265
-0.000418764	0.000761615
0.004597647	-0.002286586
-0.000417101	0.000762777
-0.004390077	-0.000762777
-0.006516093	-0.003822635
-0.002322328	-0.000383068
0.008000001	0.000383068
-0.005677673	-0.004221845
-0.042651286	-0.004626068
-0.023153238	-0.00853711
-0.018870674	-0.003122563
-0.007602801	-0.00627453
-0.006496612	-0.008295525
-0.001863887	-0.007165636
-0.004440863	0.001596807
-0.001641074	-0.003596407
0.003513319	0.001999601
-0.000233883	0.001197844
0.010237479	0.006364381
-0.001621685	-0.000396589
-0.000927882	-0.004372895
-0.003720069	-0.001195934
0.000232887	0.008737149
-0.006542056	0.037256928
-0.00328716	0.00152265
0.005160743	0.008333382
-0.004220428	0.002637033
0.009587353	0.009734259
0.002324478	0.004089985
0.011312622	0.004442806
0.013227057	0.008826832
0.01528809	-0.003300938
0.007114281	-0.003311871
0.00331753	-0.016725906
-0.000662684	-0.017010427
0.007922599	-0.014206421
0.001970876	-0.0294312
0.001966999	-0.014844806
-0.005473468	-0.017945017
-0.001318036	-0.014090577
-0.004406286	-0.007540882
0.002866213	-0.004214081
-0.007735656	-0.011467529
0.001330399	-0.009011003
0.00794533	-0.013015368
-0.00176022	-0.006571765
0	0
-0.008403433	-0.00396389
0	-0.008865306
-0.000222077	-0.014350022
-0.007357095	-0.009530365
-0.00134344	-0.021198951
-0.004041317	-0.024517966
-0.007225139	-0.012971597
-0.004314802	-0.003875974
-0.004104932	-0.006330676
-0.001829781	-0.009325221
0.003428229	0.004428052
0.005233804	0.004897169
0.002946132	0.002926831
0.002260444	-0.000974659
0.004954898	-0.00097561
0.00738676	0.005354114
-0.009635929	0.013021645
-0.007004932	0.005256882
0.002943555	0.009015482
-0.000226094	-0.001418105
-0.002717461	-0.002842257
-0.005913094	0.007090552
0.00068405	0.013102668
-0.004569371	0.002785517
-0.005741203	0.00185271
0.003219203	0.000925069
0.003895044	-0.000925069
0.004107719	-0.001389211
0.004771087	0.004161856
0.006551498	-0.000923361
0.003596318	0.00368834
0.002464987	0.004591376
0.002682143	0.00045798
0.007560632	0.004568304
-0.002439837	-0.002738477
0.00044405	0.000456934
0.003102839	-0.005497036
0.00176876	0.001377095
0.000441718	-0.002296212
-0.001104584	-0.011560822
0.000220975	-0.005129412
0.00088361	-0.001871783
-0.009539728	-0.002344667
0.000668479	-0.004234304
-0.009400204	-0.012334122
-0.004055886	-0.001911133
-0.004979662	-0.01202805
-0.002954235	-0.009727703
0.000909941	-0.00440853
0.000454649	-0.003935076
0.001135696	0.000492732
-0.005691535	-0.001478926
0.007279377	0.001478926
-0.004088128	0.005404091
-0.001366386	-0.001470949
-0.006401554	0.002450381
0.009814093	0.000489357
0.004984174	-0.000978953
0.001355036	0.000489596
0.003604419	0
-0.009262463	-0.000489596
-0.004321672	-0.002451582
-0.013771138	-0.002949855
-0.010687811	0.000984252
-0.005621964	-0.002462449
0.000704426	0.001970444
0.004450247	-0.001970444
0.001867803	-0.000493218
0.004422258	-0.000493462
0.004171524	0.000493462
0.001386573	0.000493218
0.006445763	0.005409406
0.001375763	0.002938298
-0.002064458	0.010700491
0.003438445	0.011065785
0.00775021	0.000478354
0.000226995	0.004771001
-0.001362949	0.005695317
0	-0.003318325
0.005214817	0.002844952
0.004512575	-0.002370231
0.003819845	0.000948767
-0.002469969	0.004730378
0.000674188	0
0.003812136	0.007990642
0.000894877	-0.001874415
0.001340738	0.003745323
0.002230695	-0.005623258
-0.000891685	0.002346868
0.003117348	-0.002346868
0.000444543	0.004220405
0.005319206	0.000467836
0.00726791	0.004200706
0.000219462	-0.001864802
0.009389653	0.008364361
0.003471473	0.011959664
0.007767051	0.008196767
0.009411877	-0.010944022
-0.000851992	-0.006439765
0.003828184	0.010101096
0.008033891	0.001369551
0.018153842	0.003188342
0.000620114	0.002724797
0.007617103	-0.000907441
0.012837691	0.004528993
0.002830572	-0.00407517
0.002218414	0.000453618
0.005825084	0.00497626
0.000800821	0.001803427
0.006781039	-0.001352265
-0.00318533	-0.004067802
0.009723204	0.001809955
0.006299234	0.00135532
0.01557662	0.004054973
0.004818358	-0.003603608
0.0051779	-0.000451365
0.003627727	-0.00135532
0.001333207	-0.002716163
0.001521453	-0.000453412
0.001519218	-0.004089985
-0.000949198	0.003182544
0.003602203	-0.003182544
-0.007408126	-0.001367054
-0.003629132	0.007722046
0.004200923	0
-0.007267234	-0.001811595
-0.004810014	0.003619913
-0.004445721	0.001354096
-0.00155095	0.013886001
0.002325563	0.010179331
0.003864012	0.013123548
0.005959779	0.001736865
0.00076645	-0.003912198
-0.000574749	0.003478264
-0.00384025	0.006489315
-0.004627814	0.000431127
0.002509354	0.001292268
-0.002316137	0.008999418
0.00173762	0.004257137
0.006345527	0.006773946
-0.00326386	0.002107482
-0.0071408	0.000841751
0.001741655	0.010878768
0.001159382	0.014049818
-0.001352788	0.008173319
-0.004652034	0.007703261
-0.004283515	-0.002021428
-0.004497905	0.00484458
0.001175358	-0.004439967
0.000195713	-0.00486619
0.002346023	0.000812678
-0.008038471	0.000812018
-0.000393778	-0.006106268
0.005694684	-0.000816994
-0.013007673	-0.007794911
0.002575554	0.006568168
0.000791159	0.000817996
-0.001186983	-0.001227245
0.007886437	-0.003280036
0.00137384	0.002051283
0.004695724	0.002455998
-0.004891899	0.002449981
0.005672387	-0.004496227
0.000195007	0.001637332
-0.00527914	0.002042902
0.000392023	-0.00081666
-0.001961535	0.000408413
-0.005512871	0.005700341
-0.000394964	0.004456155
-0.003363382	-0.007302264
-0.004966733	-0.002854232
0.00159208	0
-0.012405181	0.00122424
-0.002015277	0.001222743
0.001008146	-0.00449072
0.000805822	-0.003278691
0.001207507	0.002460026
-0.000804849	0.005309386
0.001809955	-0.006538642
0.003409872	-0.000820345
0.004794276	0.003277348
-0.006798666	0.005302888
0.002204651	0.002843796
-0.001001482	0.003644466
-0.00140379	0.008452455
-0.000602288	0.009176206
0.002807301	0.01145126
0.003198703	0.015582707
0.001196928	0.003087613
-0.007202932	0.009206049
0.005407062	0.002288331
0.000399361	0.004561011
-0.01063731	0.007932053
0.007037307	0.00412991
0.00619199	0.0156137
0.006945141	0.001105991
-0.0033673	0.001104769
0.000793277	0.005139512
0.00966765	0.004019739
0.006263477	0.003640339
0.003894864	-0.001454546
0.003298693	0.000727537
-0.002521522	0.00036357
0.005616302	0.005437751
0.000193145	-0.002533938
0.000772071	0.003617949
0.00308226	-0.013086337
-0.002503631	0.0051095
-0.002316584	-0.001821826
0.003472818	0.000364631
-0.002700079	-0.003652305
-0.002320167	-0.002197803
0.004442286	-0.0018352
0.000963113	-0.006264992
0.000384986	0.003690041
-0.000770139	-0.002950943
0.002308639	-0.007787913
-0.000192217	-0.003356334
-0.009462231	-0.006746652
0.005031905	-0.001505458
0.002891607	-0.019011979
-0.001733937	-0.006933772
-0.001930188	-0.015582707
0.000193219	-0.025448689
0.005970205	-0.005249356
-0.00057626	-0.014682156
-0.002885947	0.003690798
-0.004441525	0.000818331
-0.000580757	0.01340666
-0.004463841	0.027856955
-0.002531913	0.02710193
0.00408686	0.029358526
-0.003501968	0.019831719
0.007765483	0
0.001159664	-0.028773656
-0.00425864	0.002242992
0.004644909	-0.017706245
-0.004644909	-0.022291469
0.009652585	-0.029582122
-0.003464207	-0.012487574
-0.001736614	-0.020889557
-0.00309478	-0.02642217
-0.00155095	-0.018010778
0.005417951	0
0.002505562	-0.029420344
-0.000577703	-0.012556219
-0.003086422	-0.001806685
-0.000193179	0.004960551
-0.000386548	-0.001800991
-0.004844501	0.004047678
-0.00389259	0.011158339
0.005445404	0.010596126
0.000775436	0.013522562
-0.008759102	-0.001734606
0.004291794	-0.002172497
-0.002729027	-0.009615459
0.002729027	-0.012817855
0.001750462	-0.000444939
0.005233097	0.007978766
-0.003485693	-0.003981425
-0.001164538	-0.002218772
-0.016053673	0.004432631
0.005903264	-0.00044238
0.004111587	0.005735732
-0.007649326	-0.003967385
-0.009893234	0.008795131
-0.003785302	0.007415519
0.00139623	0.000434499
-0.005396156	0.000434311
-0.000801945	-0.002608697
-0.00200769	0
-0.003623841	-0.00261552
-0.0091177	0.004789907
0.003454194	-0.000434499
-0.005695683	-0.000434688
0.004477964	0.006068506
-0.00897605	-0.006068506
0.002047145	-0.000434877
-0.009245078	0.001304065
0.006788013	0.009511529
0.004703946	-0.000860956
-0.001838048	0.004297385
-0.01027336	-0.002576214
0.002063174	0.000859476
0.002470133	0.008554372
-0.007843198	-0.008554372
-0.005610321	-0.001719691
-0.005642079	0.006006024
0.005225218	0.004693843
-0.005015705	-0.000851789
-0.010954418	-0.006411648
-0.009149974	0.001713796
-0.007294604	0.004697852
0.004082997	-0.002986987
0.001071675	-0.002139038
-0.000857287	-0.007307146
-0.006668778	-0.01390118
0.00473724	-0.00746436
-0.00107467	0.009649198
-0.00668901	-0.005690538
0.002162674	-0.000878349
-0.004546917	0.001317234
-0.003478351	-0.001756698
0.003695298	0.000878735
-0.001302671	0.000439078
-0.005446043	-0.00175747
0.000436777	-0.005291018
0.00392245	0.003970885
-0.009395918	0.001759789
-0.003298453	0.006134989
0.002639641	-0.012307848
0.003508776	0.001767566
-0.006368771	0.004844757
0.001541002	-0.006612323
0.00373262	0.006172859
-0.002633379	-0.00396389
-0.004625028	0.007036089
0.004625028	0
0.001317567	0.004372547
-0.004398534	0.001308045
0.003740011	0.009108716
-0.001538293	0.0064558
-0.001981288	0.004280828
-0.00022043	0.006387077
-0.005747098	-0.010667906
-0.000221771	0.000857633
0.003099493	-0.002575109
0.006170094	-0.004306639
-0.008604554	-0.001295617
-0.001774274	0.000432059
-0.001110472	-0.000432059
-0.006912749	-0.003463207
0.000447427	0.003895266
0.002234183	-0.003461708
-0.009191837	-0.001735358
0.002474324	-0.004351617
-0.004954898	-0.005247061
0.004055886	-0.003073548
-0.005185425	-0.000879894
0.004285515	-0.008841791
-0.004285515	-0.003113189
-0.000226111	-0.005807477
-0.002716755	-0.00134499
0.00812829	-0.00675222
0.008062776	-0.006343474
0.014175187	-0.010050336
0.002196815	0.004123717
-0.002416809	-0.000457352
0.009850162	-0.004585061
0.003479021	-0.005992182
0.007783823	-0.003241494
0.002151442	-0.001857011
0.003218563	0.000464576
0.001284564	-0.000464576
0.001069154	-0.008399489
0.004265329	0.007934697
0.004882697	-0.001395674
0.003804718	0.006496543
0.005889752	0.000462428
0.002513596	-0.000925069
0.005008399	-0.00185271
0.008498341	-0.004181191
0.002473697	-0.001863933
0.002467593	-0.00608189
-0.001027433	-0.000469373
0.00184864	-0.0018797
0.008988784	0.005160696
0.00040669	0.001870033
-0.000203294	0.001400234
-0.001831689	0.001398276
0.007508894	0.00881063
0.001010387	0.021466912
-0.001414836	0.010786621
0.010663052	0.010229131
0.004990528	-0.007550558
0.008328384	0.01942666
0.003154577	0.003927563
0.001180445	0.008673081
-0.00275645	-0.002161228
-0.00019722	0.01033156
0.009616441	0.003420268
0.008169623	-0.004277166
-0.000387541	-0.002145463
0.003675466	0.000858738
0.0013507	0.000858001
0.001156234	0.001285623
0.001347397	0.004273511
0.002497302	0.000426348
-0.002305014	0.001703578
0.003647168	0.006785437
-0.004224238	0.00925543
0.002306343	0.00376176
0.002875531	0.000417101
0.002103376	0.008719175
-0.002677871	0.000826446
-0.000191514	-0.000826446
0.00477784	-0.008302248
-0.002672777	-0.000834028
-0.004982801	0.002916061
0.000192143	0.004979263
-0.001922746	0.000413822
0.0015385	-0.004977198
0.002111547	0.005390849
-0.000767332	-0.004144225
-0.000575852	0.000415196
-0.001152776	-0.003742986
-0.00423813	0.00415801
0.002699057	-0.002076844
0.003267701	0.004977198
-0.001152112	0.00082713
-0.00384988	-0.003727484
-0.006190753	0.014418375
-0.00486335	-0.005331159
-0.004495268	-0.001646091
0.001174667	-0.002887195
-0.00176248	0.008636698
-0.005700261	-0.000409584
0.005896224	-0.008227113
-0.009252906	-0.002895555
0.003947834	0.008250872
-0.005333267	0.011844125
0.001385433	0.019300961
0.006898598	0.050476553
0.004703164	0.007544359
-0.001369461	-0.003010917
0.001760313	0.002635048
-0.005094016	0.002628122
-0.000786029	0.000374883
0.0001966	0.003741119
0.002355694	0.002982851
-0.008664863	0.007048814
0.001975875	0.000369617
-0.004748762	-0.005558658
-0.005568809	-0.004469281
-0.002996047	-0.00149421
0.00039992	0
-0.002402384	0.000373762
0.000601122	-0.00449439
0.001001161	-0.007157687
0.004193696	0.007532992
-0.003793516	0.000750188
0.003394871	-0.007149607
-0.003194891	-0.012923023
0.005186487	-0.006909816
-0.005786647	-0.009287992
0.00100008	-0.013701526
-0.001600661	-0.013891869
-0.000400581	-0.012062872
0.009569531	-0.004053512
0.002773907	-0.012671332
0.000197804	-0.00370905
-0.004759041	-0.002066543
0.003769452	0.009470938
0.006513435	0.004498065
0.003142803	-0.008604847
0.005086044	-0.021631459
-0.000585518	-0.002104821
0.000195198	-0.025177349
0.004090763	-0.001730104
-0.007610535	-0.003034904
-0.000587812	-0.00086881
0.002935671	-0.003482807
0.002147409	0.009116625
-0.004299362	0.022223137
-0.002942063	0.010929071
0.001177876	0.008326443
-0.000588794	0.001657001
0.004504934	0.002067398
0.000390797	-0.004968954
0.002536359	-0.002077707
0.005247316	0
0.002129946	0.008697508
0.001932329	-0.009113568
0.00423813	-0.00375235
-0.008882063	-0.00292826
-0.00116439	0.003763333
0.0013583	-0.001252871
-0.003301897	0.009979293
0.000777849	-0.004561484
0.002524048	-0.001663894
-0.003107402	0.005811556
-0.004288525	0.004954593
0.006425901	-0.000824063
0.000582109	-0.004958688
0.002131597	0.000414164
0.001354096	0.000413993
-0.003291687	0.000413822
0.003291687	-0.004561484
-0.003679659	-0.000831601
-0.001942164	-0.002916061
0.001942164	-0.006277485
-0.001553437	-0.008431753
0.000194346	-0.011496827
-0.004088451	-0.001714531
-0.002539253	-0.00128783
0.005266783	0.008554372
0.001166576	-0.002985713
-0.002334612	0.000427077
0.002528958	0
0.002134906	-0.005995735
-0.003885028	0.004713958
0.00620879	-0.006864034
-0.000967567	-0.002586208
-0.005241223	-0.008234066
-0.005855941	-0.002614381
-0.000587545	-0.005249356
-0.005893907	-0.002195391
-0.005730695	0.002633891
-0.003374653	0.002189622
-0.004783784	0.006105558
-0.00079954	0.005203828
0.001199081	0.005176888
0.002792164	0.014099785
0.004372046	-0.008093761
0.004945119	0.004693843
0.001183238	-0.009409821
-0.005137375	-0.001720431
-0.004765656	-0.001723396
-0.006790519	-0.006489315
-0.006030249	0.008212711
-0.007690728	-0.010820274
-0.006522628	0.002173441
-0.015456258	-0.00609758
-0.004788268	0.000436777
-0.002925791	-0.007451273
-0.001466122	-0.007950572
-0.003359231	-0.00355398
-0.000631093	-0.004907438
0.003151552	-0.000894855
-0.001679572	-0.004036785
-0.005267051	-0.00224972
-0.004021553	-0.001352265
0.0027533	0.002702704
0.005484131	0.009402353
0.000210285	0.003558723
0.006080342	0.021525101
0	0.003903713
0.006043594	0.020990276
0.007451928	-0.017101742
0.000618452	-0.007792247
-0.000824742	-0.002175333
-0.001238432	-0.002180075
0.000825785	0.000436395
0.001031226	-0.012733432
-0.003096875	-0.001326553
-0.0095575	-0.007996489
-0.004393835	-0.002232642
-0.001678867	-0.006278048
-0.00252364	0.000899281
-0.000842659	0.000898473
-0.005282632	-0.007210486
0.003595182	0.008556684
-0.000422318	-0.005846655
-0.004657015	-0.002257847
-0.002124087	-0.000904568
0.001911843	0.005415176
-0.007455546	-0.002703922
-0.002140455	0.004951619
-0.003864238	-0.000449135
-0.004959665	-0.006761351
0.006249369	-0.000452386
0.004928758	0.005415176
0.003627487	-0.0081338
-0.001065509	0.00090703
-0.001066752	-0.008193036
0.001279906	0.007286007
0.004254442	-0.006829073
-0.002550458	0.009547697
0.001488549	0.000452386
-0.004472439	-0.008174432
0.00298389	0.007722046
0.004882697	0.007213737
0.000635101	-0.000898876
-0.002755136	0.004933852
0.005924753	-0.003136906
0.007147392	0.006709933
0.007512473	0
0.006424268	-0.004468283
0.008638515	0.038652154
0.012617159	0.00772536
0.009860187	0.02824213
0.009565617	0.014032422
0.004551388	0.0130295
0.001972348	-0.000809389
0.006677165	-0.002838032
0.005854798	-0.000812348
0.008911315	-0.004071667
0.008258974	0.004071667
0.003437086	-0.001626678
0.00664963	-0.001221747
0.001891771	0.000407415
0.006968651	0.004065046
0.009712441	0.041714091
0.010539064	0.0100659
0.000919184	0.068119352
0.025400532	0.022064952
0.006962431	0.007364578
0.01640972	0.020062935
0.022325077	0.006825965
0.023343431	-0.000340194
0.015594194	0.001360082
0.0109684	-0.003403679
0.018550448	0.009838926
0.020876909	-0.005077012
0.009347303	-0.000339386
0.012941237	-0.000339501
0.001682343	-0.001359158
0.024453988	0.005425581
0.014655062	0.004386712
0.0045451	0.001682086
0.017689326	0.008701527
0.017946558	0.016196024
0.005630674	0.010437146
0.012415575	0.014815086
0.006081608	0.008594673
0.012189413	0.014474765
0.003804339	0.028639371
0.002573334	-0.001519065
0.008083016	0.012989157
0.005219135	0.002697439
0.001333854	0.008345801
0.006907626	0
0.005676208	-0.001485222
0.000263188	-0.002977079
0.007603629	-0.005381179
0.005340332	0.001198322
0.002205918	0
-0.001556661	-0.001498128
0.004533367	-0.00120012
0.001807618	-0.00511664
0.001933128	-0.001812142
0.002571751	-0.000604778
0.000513558	-0.001816531
0.005120918	0.000605877
0.001276238	-0.005770707
0.001019681	-0.004579462
0.000127422	0.000611808
0.002163238	0.000305764
0.006461879	-0.001529754
0.004284783	0.00122399
0.001131201	0.002443495
0.001631591	0.003045997
0.001378533	0.002126691
0.004248994	-0.001214698
0.006959118	0.000911162
0.00358491	-0.000607349
0.004186633	0.000607349
-0.000614529	-0.001823155
0.004416643	0.003339915
-0.001347461	0.000606061
0.000735167	-0.001212489
0.001591066	0.006650569
0.002076905	0.003008426
0.004019188	0.003897472
-0.00133787	-0.007810193
0.005825198	0.027072901
0.005189813	0.009348593
-0.003738749	0.006954534
0.002293103	0.007479897
-0.000361717	0.005145809
0.006850577	0.017804625
0.006447026	0.011142177
0.004748923	0.006350981
-0.005225068	0.002748765
0.005817135	-0.008545882
0.001183	-0.006666691
-0.001064695	0.000557258
0.001301082	0.000556948
0.001653479	-0.000278435
-0.003191268	0.001391401
-0.013587801	-0.000278125
-0.004088558	0.003609611
0.00540774	0.008280478
-0.001079249	0.002196596
-0.004087479	0.005197659
-0.006162813	0.014357554
-0.001455641	-0.007017573
-0.002065716	-0.004071114
0.001094207	-0.00136073
-0.003408061	0.002176279
-0.002563622	0.001629107
-0.002692805	0.005681065
-0.002577151	-0.001619871
-0.000122814	0.004044768
-0.008020303	0.002150538
0.000743009	-0.000537201
-0.000123825	0.008294362
0.003090428	0.002395211
-0.002718998	0.004508693
-0.008326724	-0.004242913
-0.00512977	0.004772013
0.001754606	-0.00690024
-0.005398984	0.007164685
-0.005554894	0.003694911
-0.001266772	-0.002901994
-0.003555534	0.004481357
-0.00203749	-0.011108287
-0.002297091	0.01268516
-0.000766846	-0.006851147
-0.001791644	0
0.002814034	0.000792917
-0.006535578	0.002111376
0.00167005	0.001580611
-0.003986964	-0.003691987
-0.00841158	-0.014101604
-0.004950466	-0.007530966
-0.003663474	-0.004600198
0.004838231	-0.008990661
-0.001828007	-0.015722293
-0.00235511	-0.008936111
0.006268028	-0.009582937
0.000260263	-0.027273113
-0.001823617	-0.040688612
-0.000260751	-0.04558222
-0.000521798	-0.029949107
0	-0.014156615
-0.002874705	-0.038875945
0.001438392	-0.03829732
-0.00471515	-0.043556748
0.001443109	-0.006380206
-0.002625323	-0.007179324
-0.005535772	-0.000758725
0.003167039	-0.006472515
-0.000263605	0.004573179
-0.003696849	-0.002283975
0.003696849	0.005700186
0.00761461	-0.006462672
-0.006034375	0.004945797
-0.005144777	-0.009149892
0.003169117	-0.005376357
0.005259736	-0.005018347
-0.000524741	-0.001161665
-0.004471286	0.00193536
-0.005816315	-0.006206381
-0.003319836	-0.000389181
0.003717463	-0.010959014
-0.007982985	-0.004338402
0.003866427	-0.000790826
-0.000266236	-0.001979807
0.002525797	-0.002778331
0.002386952	0.023567469
-0.00371549	0.002326484
0.000132961	0.018419554
-0.001330221	0.014345282
-0.003333114	0.004860731
0.007318282	0.003723012
0.000132591	0.002227172
0.003704675	0.002222223
0.000132083	0.005166063
0.003822001	-0.002579696
0.003807541	0.031598779
-0.004070625	0.000357462
0.002759334	0.014899176
0.002097314	0.002812941
0.007565833	0.000351062
0.004149922	0.023930395
0.002585034	0.009210367
0.010401352	0.000678887
0.009155723	0.002033899
0.010701997	0.012786177
0.004498333	0.006332299
0.008812805	-0.013041482
0.017274598	-0.010829209
0.003152974	-0.009229257
0.006276484	-0.012787456
0.0118415	-0.008382864
0.002138034	-0.012352372
0.007093882	-0.004627166
0.004818767	-0.005724524
0.008871331	0.00643779
0.006024778	-0.001784122
0.00011553	-0.007888173
0.003343918	0.000359906
0.006082523	-0.002882885
-0.001259385	0.002162942
0.003773396	-0.007953766
0.005803646	0.003984791
-0.003068313	-0.0018093
0.000455178	-0.00181258
0.001136987	-0.001815871
0.003063451	0.001089918
-0.006934524	-0.005826673
-0.00034237	0.008365206
-0.007445129	0.002170768
-0.001035302	-0.003257921
-0.007392883	-0.000362647
-0.001276188	0.010463743
-0.00011612	0.014255409
0.003014169	0.016494496
-0.005920979	0.018621228
0.002790769	0.007827163
-0.000116147	0.001016432
0.005674232	0.005403593
0.002076376	0.004033619
-0.005430726	-0.000671141
-0.003714456	-0.003699348
-0.002911549	0.014051753
0.00418995	-0.003994679
-0.002674829	0.000666889
-0.006777334	0.005319161
0.00046889	-0.003653882
-0.000117222	0.006964047
0.0045606	-0.000330524
-0.000466811	-0.00165426
-0.000817423	0.004295397
0.001400922	-0.000329761
0.002330425	0.000329761
-0.002447114	-0.003964326
0.00233079	-0.009311674
0.002557465	0.004999177
0.004402289	-0.000665115
-0.005447721	-0.002331392
-0.004659864	-0.003005512
-0.000584045	0.002338401
0.001751031	-0.003007521
0.003725266	0.006671139
0.001973476	-0.012713453
-0.003717897	0.002354129
0.009614832	-0.00403905
-0.006476983	0
0.002896706	0.005717184
-0.004755045	0.012000144
0.004870762	0.001986098
-0.008014469	0.004289728
0.004769993	0.011784097
-0.004420212	0.006810469
0.008820879	-0.005834701
-0.002313803	0.003569694
0.003353197	-0.003894844
0.000461639	0.006159851
-0.009739161	0.008688711
0.004069513	0.013683587
-0.004069513	0.007556711
0.007660158	0.010918842
-0.0004626	0.01753082
0.004040479	-0.001830943
0.015433275	0.006393689
0.005656124	0.000606796
0.004614222	0.00302847
0.010499393	0.00813135
0.016747825	0
0.032677038	0.002396646
0.001479436	-0.000598623
-0.005293819	0.005970167
0.001909005	0.00623055
0.007494615	0.002068253
0.004302478	0.018134454
0.010313108	0.014388737
-0.000621999	0.018120541
0.006305918	0.008382279
-0.000618472	0.035532571
0.006270186	0.001877935
0.007045549	-0.000536193
0.000305194	-0.001073249
0.003553905	-0.00835697
-0.000912681	-0.001896763
-0.003760771	0.000271186
0.011542085	0.002437374
0.010315118	-0.004065597
0.003083783	-0.004354933
-0.000794932	0.002996053
0.003175866	0.000271924
-0.000396442	-0.00517924
-0.001785892	0.001911263
-0.00477799	-0.001911263
0.003386765	0.002729259
0.001788376	-0.00109081
-0.00427755	-0.001638449
-0.003095185	-0.000820232
-0.001801622	-0.005485477
0.002501377	0
-0.008429523	0.004664571
-0.002825776	-0.009074722
-0.006387176	0.000552334
-0.004587367	-0.004427235
-0.003480085	-0.002220989
-0.012587878	-0.001390627
-0.004266132	-0.003904076
-0.006066351	0
-0.002836552	-0.002517836
0.003465781	-0.003367007
-0.009798319	-0.00112486
0.000423425	-0.002817697
-0.005944164	0.001409841
0.00424947	0.002532716
-0.006807813	-0.00112486
0.000426859	0.029116156
-0.001601634	0.006537751
-0.005894696	-0.004353748
-0.002690922	0.003810565
-0.001186315	-0.004629008
-0.007799856	0.004900636
-0.002395406	-0.009825407
0.005327525	-0.005500564
-0.00271459	-0.000275824
-0.006983105	-0.0002759
0.000875583	-0.008034397
-0.007356673	0.004163781
-0.00132328	0.00110742
0.001874186	-0.001384467
-0.002867882	0.001937717
0.007702547	-0.001937717
-0.007150363	0.001107727
-0.001989171	0.00359166
-0.005546326	0.059683262
-0.000333749	-0.00390473
-0.005355407	0.000782167
-0.004484827	-0.00287094
0.002244967	-0.002093146
0.000784534	0.002615748
0.001679096	-0.002615748
-0.00527057	0.001308729
0.001909565	-0.001570681
-0.003935452	-0.006043902
-0.002594654	-0.00263922
-0.004982493	-0.011963455
0.001247955	-0.001070377
-0.004431562	0.00240674
-0.005023358	-0.004282662
-0.00493376	-0.005109598
0.000919694	-0.007577844
-0.01283766	-0.007361996
-0.001980845	-0.00109529
0.002446259	-0.007424756
-0.003496449	-0.003040776
-0.010563502	-0.000553863
0.000943531	-0.001663433
-0.004963352	0.000554785
0.003075399	-0.001665279
-0.006398138	-0.013141528
-0.003333721	0.001406272
-0.008383235	-0.005354388
0.004679341	-0.001130902
-0.002156981	-0.001415428
-0.001680874	-0.013978262
0.001320937	-0.005184343
-0.007589087	-0.008409503
0	-0.017034186
-0.007037937	-0.005048266
-0.003171145	-0.004176617
0.001220828	-0.002994014
0.000731772	0.00059952
-0.008325232	-0.006312962
-0.007156033	-0.00847976
0.001237458	-0.015014837
-0.006078267	-0.007748373
0.00087058	-0.019479095
-0.00773749	-0.009883709
-0.009314076	-0.00224539
-0.004054744	0
-0.005091673	0.001924928
-0.007300705	0.011472401
0.002439521	0.003795071
-0.000641434	0.000315607
-0.003213164	-0.001263025
-0.008532735	0.005671093
-0.009523208	0.006887942
0.000655114	0.004669269
0.0075689	-0.00498133
-0.000129936	-0.010037725
-0.007831994	0
-0.010141635	-0.004106782
-0.01534082	-0.006669868
0.004827702	-0.018656057
-0.012925978	-0.013730193
0.002841859	-0.004618946
0.002968576	-0.007634892
0.003497004	0.00232984
-0.001209162	-0.007005867
-0.010948234	0.00367586
-0.000271904	0.001333334
0.001901386	0.005978098
0.001897778	0.003635767
0.001082864	0.013110643
-0.001760166	0.011332483
-0.002714142	0.009931204
-0.00367567	-0.000637755
0.003539854	-0.001276732
0.004068838	-0.016422845
0.009832445	0.015144481
0.002543365	-0.007382476
0.007856702	0.00128783
0.006214922	0.001928641
0.008662556	-0.002250443
0.006772675	-0.003869724
0.003239814	-0.010393078
-0.009098126	-0.01017236
-0.000652975	-0.000989936
0.004302229	-0.005960283
-0.000911043	-0.007667982
-0.000520982	-0.013816564
-0.006141816	-0.007835162
0.000524191	-0.001026518
-0.002623706	-0.005492633
0.001050309	-0.003793762
0.003275041	0.001381216
-0.00026157	0.002412546
0.00104596	0.000688231
0.004823711	0.010267031
0.007514962	0.003059666
0.00784319	-0.001018849
-0.005651222	-0.002722016
-0.001546817	-0.006151762
0.005018437	-0.01554704
-0.002441728	-0.006637579
-0.000128701	-0.006681931
-0.003867913	-0.014572854
-0.010127417	0.003930682
-0.006414868	-0.005363861
-0.001445752	0.005363861
-0.009382282	-0.001427552
-0.002525797	-0.001787311
-0.006275379	0.004996442
0.002140702	0
-0.005360533	0.003553664
-0.013392125	0.001772107
0	-0.00710735
-0.004093933	-0.007158227
-0.016823246	-0.010108389
-0.014144931	-0.006917923
-0.009352541	-0.004394002
-0.005854175	-0.001836548
-0.022739773	-0.009604802
-0.009568057	-0.001857701
-0.005041588	-0.001116279
-0.017848168	0.001116279
-0.021723325	-0.002606592
-0.020783652	-0.013513719
-0.003955388	-0.001891432
0.002375078	0
0.000948483	0.001135289
0.00047388	0.00565719
0.004726636	0.00187864
-0.002202975	-0.000751033
0.000629921	0.000375587
-0.016028305	0.002999627
-0.000800176	-0.000374462
-0.018583358	0.001497006
-0.012143257	0.000747664
-0.014802765	0.002612429
-0.003020643	0.011856382
-0.00319837	0.049579119
-0.002532305	0.001751007
0.000168985	-0.00140056
-0.006953306	-0.000701017
-0.002726655	-0.002106003
-0.002905206	0.005606181
0.000855359	0.000349345
-0.008241805	0.000698324
-0.007267691	0.004179734
-0.006796279	0.003469816
0.004709996	0.004837604
-0.005059786	0.006528111
-0.023897022	0.011915035
-0.014072016	0.007417431
-0.007294015	0.003688185
0.004018307	-0.000669568
-0.010260295	0.002675587
-0.005725327	-0.001671403
-0.003339539	-0.004358766
-0.007648559	-0.002354921
-0.001499288	-0.006420025
-0.00056278	-0.001696353
-0.009426917	-0.000339616
0.000757451	-0.005449605
-0.003223095	-0.008574911
-0.000949919	0.001376937
0.005875067	-0.003100778
0.001510612	0.006534847
-0.004538624	0.000685401
-0.008183431	0.010903004
-0.001912816	0.015801304
0.000574179	0.006648961
-0.005757049	0.007263155
0.0015385	-0.0046159
0.000384246	-0.003973515
0.002685595	0.00066335
0.000957377	-0.011672635
0.009713399	0.001340932
0.001704385	-0.001340932
-0.004741593	0.005019251
-0.001331666	-0.001336006
-0.002096256	0.003003506
0.004378117	0.001997338
-0.002091473	0.003651456
0.003040671	0.001655355
-0.003421425	-0.001324065
-0.008797131	0.006273753
0.00593697	0.002958096
0.00057274	0.006542385
0.007225683	0.004554334
-0.002276158	0.014180064
0.005114132	0.000319949
0.004900104	-0.00064
0.002816129	0.001599233
-0.003944759	0.003827756
-0.000753173	0.003495951
0.002257743	0.002534856
0.002440189	0.008194184
0.002621233	-0.003773589
0.008749958	0.001888575
0.004807665	0.002198839
0.008998353	0.007813761
0.001826448	0.004349184
0.004914928	0.004947444
0.011734064	0.009516572
0.003225249	0.000305483
0.002858148	0.00274516
0.007995015	0.001825929
0.010211392	0.003641886
0.000875409	0.000908403
0.01286754	0.002720268
0.008430123	0.00211066
0.006489111	-0.00573933
0.025211419	0.014436341
0.013190612	0.004468948
0.008156652	0.000297221
0.013555154	0.015627622
0.019680083	0.004961341
0.006266635	0.015884811
0.015650773	0.001717722
-0.008647336	0.000571919
0.014167144	-0.006596898
0.009889787	0.005738897
0.00090796	-0.001431639
0.006483249	-0.000286574
0.004049454	0.006000875
0.009682075	0.001707942
0.00546979	0.006237616
0.012307789	-0.001414227
0.006531774	0.002826458
0.003177715	0.003099904
0.005465352	0.005331849
-0.007630863	0.005860209
-0.000144569	0.006655599
0.005334158	0.003862074
0.004876602	0.000275293
-0.009199418	-0.002204465
-0.008265109	-0.003039096
0.001018701	0.003590668
0.000436254	-0.001103448
0.005654223	0.001103448
0.002598904	-0.000827472
-0.005929528	0.000551724
-0.018150454	0.000275748
0.004127453	0.000275672
-0.013029574	0
-0.001192977	0.007140926
0.008321073	0.001640689
-0.009366084	0.005449605
0.004322251	0.007849546
-0.003426387	0.014985563
0.001342122	0.005298026
-0.016377738	0.006320801
-0.008825407	0.003145481
-0.006286	0.004439229
-0.010357966	-0.003131527
-0.013139561	0.005733662
-0.012676434	-0.004427667
-0.014779353	0.001564946
-0.023083614	-0.000521376
-0.023968297	0.00182363
-0.008346901	-0.004173193
-0.002397655	0.001305995
0.000856954	-0.002875443
-0.014669329	-0.002621233
-0.016653904	-0.001576044
-0.003719105	-0.002105264
-0.010882294	0.000263401
0.007683411	0.003680341
-0.013439858	0.000524659
-0.003252623	-0.005786444
-0.006719339	-0.000791661
-0.003102512	-0.002908132
-0.012877312	0.003172088
0.000370252	0.002635742
0.002587783	0.001052355
0.004053082	-0.001052355
0.002570696	0.008126929
-0.026762404	0.001565354
0.003760128	0.004681413
-0.005268178	-0.002598079
-0.000566053	0.00570689
-0.013491891	0.000775695
-0.002681975	-0.002328892
-0.007896045	0.000518001
-0.002516718	0.003360479
-0.016219252	0.004891244
0.011556294	0.004100467
-0.002534797	-0.00770222
-0.008233765	-0.003873472
0.012519726	0.005161302
-0.008394408	-0.00128783
0.008200007	-0.001547589
0.000971723	-0.002843481
-0.005844552	0.00335961
-0.008831379	0.018911885
0.008635932	-0.003042599
-0.004112392	-0.004326257
-0.012241002	0.001274373
-0.006577044	0.001272751
0.013900165	-0.000254421
-0.005140343	-0.001273075
0.001980159	-0.013336951
0.015701972	-0.006475868
0.00698627	-0.007826807
0.011345185	-0.00920938
0.000573507	-0.001852097
0.014983628	-0.016017427
0.005257297	-0.003504519
0.001496969	-0.022669276
0.000747664	-0.015871139
0.006889498	-0.027890254
0.003519555	-0.02217774
0.00147816	-0.0428034
0.005340239	-0.00154107
0.009504732	-0.006498553
0.001635918	-0.012496258
0.003806748	-0.005358563
-0.008357589	-0.000316106
0.004732426	-0.001898735
0.003625163	-0.007950431
-0.001810975	-0.007370647
0.004701672	-0.002576491
0.007369495	-0.005172983
0.002504026	-0.007809997
-0.003220633	-0.001962067
-0.006111829	-0.001965925
-0.009238323	-0.007572053
-0.001456966	0.002640266
0.004364473	0.00361902
0.005789757	-0.00824407
-0.001624989	-0.002320571
0.003067174	0.004966075
0.003237431	0.016052761
-0.008475355	0.006801646
-0.004719595	0.008677541
-0.021518035	0.013666191
-0.004285055	0.027398974
-0.016566663	0.020368541
0.008882266	0.013451107
-0.001506346	0.006215796
0.013103894	0.004710047
-0.002980054	-0.000293729
-0.011255099	0.001761081
-0.003022863	0.002343293
0.015955346	0.000584966
0.01295117	0
0.000551282	0.000292355
0	0.015085868
0.018205491	0.008029868
0.005397638	0.005128216
0.008398173	0.000852152
0.019907307	0.001985535
-0.005597426	0.001698755
-0.009340063	-0.00595831
0.0098662	0.001137657
0.007684268	0.003688471
0.016563509	-0.007961373
-0.013090077	-0.006012903
0.005532518	-0.015338168
-0.004319661	-0.001751314
0.004319661	-0.011163453
0.008583744	-0.00266233
-0.003253132	-0.012518792
-0.015903568	-0.014806132
-0.001394909	-0.01132723
0.015238355	-0.007106472
0.012806459	-0.003416683
-0.010403385	-0.014415793
0.007855214	-0.006015532
-0.009056072	-0.011498051
0.002400207	-0.002573176
0.002394374	-0.002256973
-0.005309612	-0.00129199
-0.006547267	-0.006485107
0.000864	0.002923504
-0.014263591	-0.002273097
-0.007032413	0.002597404
-0.009038644	-0.003573173
-0.009480422	-0.002606714
-0.005587056	0.001629992
-0.017686685	-0.002282734
0.00165426	0.001305057
0.001834826	-0.005886217
-0.013472549	-0.000656168
0.00037154	0.000656168
-0.007644299	0.001311046
0.002243392	-0.00360952
0.006329135	-0.00659633
0.006289347	-0.010979981
-0.028618786	0.001671403
0.001706323	-0.008048333
-0.009134221	-0.010832875
-0.019691756	-0.004776536
-0.014532895	-0.006863445
0.004342703	-0.003449469
0.015246562	0.005169751
-0.019787069	-0.005515354
-0.008744154	0.014072654
0.013284661	-0.002047084
0.000393876	0.000341472
-0.004538735	-0.001366587
-0.011137764	-0.00445435
0.004987542	-0.002751033
-0.008192672	0.002751033
-0.000802911	0.006844654
0.014750158	0.001022669
-0.007347923	0.015215847
0.016408434	0.029754261
0.014985198	0.01743667
0.013049523	0.008288221
0.011751443	0.031252544
0.013289835	0.008883502
0.016047619	0.013931176
-0.001098535	0.001802885
0.015991636	0.007477229
0.011293425	0.025883798
0.008696514	0.008960892
0.014734524	0.017401666
0.003823467	-0.002832061
0.020261681	-0.007972707
0.010147187	-0.008325009
0.001177163	-0.005782034
0.0201321	-0.006107333
0.014715799	0.002331003
0.025321834	0.006960585
-0.002376584	0.002597779
0.00110979	0.005748794
-0.006996419	0.002576214
-0.008010296	0.006269613
-0.004998753	-0.003414915
0.000807934	0.008232836
0.006279692	0.002823266
0.00080223	0.005342344
0.004480772	0.008655645
-0.013502857	0.013804747
-0.004054169	0.013346242
0.002434441	0.009693129
0.009357942	0.000267917
0.013399483	0.002140755
0.000158409	0.01116439
0.002373622	0.001056803
0.005202156	0.003690041
0.000471634	-0.002634353
0.013114942	-0.002641312
-0.003729577	-0.002913523
-0.002494202	-0.009594956
0.022226598	-0.00295025
0.005935639	-0.005656581
-0.002887366	0.002697601
-0.017191568	-0.005673391
0.016582632	-0.003528298
0.015862603	-0.001905022
-0.000449726	-0.007382125
-0.000449914	-0.000548998
-0.010253422	-0.003024889
-0.001365042	-0.003863139
0.006655644	-0.003878121
-0.000150803	-0.012006287
0.003762515	-0.017283331
0.011500329	-0.004583222
0.005627218	-0.008940218
0.00353771	-0.004063866
-0.014226663	-0.003788435
0.000298418	-0.001168566
0.003574699	-0.002048282
-0.002232657	-0.002052486
0.009491381	-0.001468645
0.000590246	-0.000588062
0.006323085	0.001175779
-0.001466892	-0.000881705
0.015007187	-0.003239585
-0.00318659	-0.000295029
0.001015008	-0.002067642
-0.001305141	0.000591191
-0.005529772	0.00177148
0.011894527	0.020727643
-0.008107718	0.010347893
-0.003640869	0.002570328
-0.002922343	-0.001998573
0.00175443	-0.001716248
-0.000876765	0
-0.002488459	-0.00085923
0.007737815	-0.001720677
-0.00364246	-0.001148765
0.003496987	-0.000574878
0.000727052	0.002297531
-0.008026354	-0.006619682
0.005260877	-0.001155735
0.003056089	0.000866927
-0.002910319	-0.001156069
-0.000437388	0
-0.005555526	0.002599279
-0.000146646	-0.000865676
-0.000293254	0.001442377
0.004682479	-0.001153735
-0.000730237	-0.006079046
0.005681405	0.000870701
-0.000871923	-0.007279112
-0.000872698	-0.006743905
-0.003206547	-0.005309747
0.001895968	-0.00207254
-0.000145632	-0.00148302
0.003491391	-0.006850362
0.002755451	-0.000298909
-0.010481985	-0.002694209
0.010337123	-0.00119976
-0.001014419	-0.006322466
0.000289896	-0.007579239
0.000869386	-0.008864493
-0.005664077	-0.006159551
0.005953637	-0.000927214
0.001157604	-0.012758847
0.002599655	-0.006913918
-0.002165938	-0.002526051
0.007918881	0.009439969
0.002721018	0.002189896
0.00499322	0.005609239
-0.008144648	0.010817599
0.003723361	0.037113929
-0.001144194	0.0035482
-0.001575367	0.026217639
0.006144193	0.00487596
-0.004568826	0.003712699
-0.007469095	0.008232836
-0.013791276	0.004231915
0.006411125	0.01758103
-0.020543658	0.013190628
-0.002374886	0.021070472
-0.006261171	0.02142089
0.010265581	0.008856531
-0.00966757	0.008778781
0.00089628	-0.005413082
-0.034947388	-0.009087431
0.021568775	0.004683849
0.005884574	-0.003641096
0.005102007	0.000260518
0.007753192	0.001821731
0.00577564	0.00259673
0.004126133	-0.002076844
0.005280168	-0.003905746
-0.011179919	-0.000260926
0.013517676	-0.007070869
0.008429072	-0.009506277
0	-0.010401481
-0.014577518	0.000536049
-0.007221268	-0.01539115
-0.004001562	-0.009569451
0.00828171	-0.015225208
-0.00872728	-0.032892106
0.012842482	-0.010431854
-0.001908494	-0.012014797
0.00337411	-0.007694622
0.00816803	0.000890869
0.005071459	0.00148302
-0.009584781	-0.002968242
-0.006000691	0.000594354
-0.007219273	0.020873902
-0.025913155	0.05435813
0.004541946	0.057296183
0.008872966	0.027209071
0.001197097	0.001012402
0.008042953	-0.001012402
0.006063702	-0.004568536
0.002944599	0.011382442
0.00674004	0.018440592
0.009012926	0.031594365
0.009936046	0.007388903
-0.003301087	-0.018212821
-0.002879314	-0.019290062
-0.00072118	-0.05056689
0.007904087	-0.051894043
-0.004447292	-0.02181503
0.010014347	-0.020305266
-0.005567055	-0.003424661
-0.000286399	-0.014977238
0.006564987	-0.016974361
0.005249285	-0.005030341
0.000707306	-0.008041741
-0.001273492	-0.001496334
-0.005110018	-0.001198682
0.002700236	0.004189114
0.012832496	0.01834371
-0.004071624	0.027755468
-0.004653495	0.014999574
-0.009229771	0.002805051
-0.007589326	-0.003648103
0.002870635	-0.012731817
0.002862518	-0.00542471
-0.023132417	-0.012386735
-0.001610203	-0.01754431
-0.010011862	-0.004434597
0.016437045	-0.010424517
-0.025653744	-0.000898607
-0.027403077	0.007166349
0.009775532	0.021778377
-0.029774663	0.01531158
-0.005495861	0.004862014
-0.00441847	-0.009171747
-0.004755875	-0.006065001
0.00759858	-0.013121635
0.000788193	-0.013891165
-0.00537211	-0.006868774
-0.009871104	-0.003602526
-0.009807957	0.010173637
0.008527105	0.004455673
0	0.010320009
0.007978342	-0.005589072
0.004123749	-0.000295029
-0.001584002	-0.009487175
-0.018399079	-0.004478288
0.01299452	-0.003597126
-0.01866206	-0.001201923
-0.005863225	0
0.004237969	0.009575178
-0.000488066	0.00089299
-0.006039339	0.005932975
0.003432201	0.007954085
-0.005234757	0.001173021
-0.003450312	0.008463497
-0.009425436	0.002322207
-0.003661755	0.002316827
0.004326113	-0.006093157
0.003811406	-0.009063065
0.000826635	0.002639685
0.000330486	0.003800619
-0.004304626	0.002913755
-0.002491919	0.010131799
-0.001831367	0.008317845
-0.005346696	0.005980368
-0.011118713	0.000851426
-0.007652397	0.00509339
-0.010295252	0.00899135
-0.006749182	0.00946555
0.013110383	-0.006951231
0.007852601	-0.001396063
-0.008366838	0.000279369
0.005812976	-0.007007737
-0.007185625	0.008961135
0.004625207	-0.001674108
0.015096614	0.001116383
0.000673124	0.002229034
0.005201807	0.003611617
-0.001675009	0.004703287
-0.00251787	0.001654716
0.016171078	0.003301241
-0.008302937	-0.000549451
0.00565349	-0.003027386
-0.005820287	-0.004419897
-0.001502128	0.00221239
0.006327044	-0.002489284
0.000663697	-0.007784304
0.001160381	0.000279057
-0.008485252	-0.002234638
0.008319516	-0.006171128
0.008250872	-0.002817697
0.00032864	-0.009070357
0.001313446	-0.003422707
0.006704301	-0.007456301
-0.001631105	0.002587324
0.006994758	0.005725753
-0.005526688	0.007961373
-0.005229608	0.005084757
-0.017020968	0.002813733
-0.002001986	-0.003095542
0.008977567	0.002814525
-0.004312463	-0.004224763
-0.000665131	-0.010783305
0.004149728	-0.000570776
-0.006314361	0
0.002497246	0.018105162
0.011243521	0.013920047
0.001150259	-0.001937181
-0.006756209	-0.001940941
0.011671029	-0.000277585
0.000326797	0.003049205
0.00959279	-0.00083068
0.005325632	0.003870616
0.006897132	0.001103144
0.001916305	-0.001655173
0.005092309	0.002481733
0.011991277	0.001651074
0.00796691	0.009304939
0.003572311	0.002176872
0.002168175	0
0.000463986	0.008121322
0.002162497	0.006449901
0.001079482	0.000535619
-0.003705965	0.00080289
0.004938282	-0.000535189
0.001077006	0.000535189
0.00337736	0.001870908
-0.009083212	-0.002941572
0.009389633	-0.00295025
-0.000153145	-0.004306871
0.007632459	0.004843928
0.002885053	0.005621752
-0.006388796	0.005590325
-0.005662193	0.003974042
0.009774039	0.001585205
-0.002434633	0.006053447
-0.009336564	0.01407006
0.002610736	0.002067718
0.000153393	0.000774293
0.001532317	-0.002583313
0.004430532	0.004130104
-0.003818256	0.000257566
0.006406352	0.001286836
0.002733072	0.001285182
0.002423203	-0.001799718
-0.005156275	0.003339759
0.002733072	0.000512821
-0.00654144	0.000512558
0.002286776	0.004601235
-0.001981511	0.000764818
0.003351123	-0.000764818
-0.007326086	0.005595132
0.007478066	0.001267267
-0.001369297	0.012835208
0.002129278	0.006977352
-0.010691976	0.018452978
0.011754902	0.010186845
-0.005020946	0.003372684
0.007294911	-0.000481116
0.007091708	-0.000722109
0.00957661	0.000240761
0.003567671	-0.001686544
0.01048056	0
0.009354059	-0.002414294
-0.008473301	-0.001935641
0.012103596	-0.003639456
0.020373818	-0.000972763
-0.010278491	-0.000486736
0.013398077	-0.001705446
0.006491683	-0.000487805
0.014523381	-0.001709193
-0.007095598	-0.001956948
0.009311414	0.006832628
0.008402846	0.002914038
0.015786882	0.013726886
0.002966175	0.004534073
-0.013690516	0.002615624
-0.007672294	0.001186662
0.011350577	0.004496517
0.002308972	0.003300333
0.002032961	0.001881026
-0.007065315	0.00375147
-0.011105853	-0.00351659
-0.004975836	0.00375059
0.006904198	-0.001873537
0.004804718	0.000468713
0.005735438	-0.004697049
-0.003273394	0.002586107
0.003817921	-0.000469704
0.017269708	-0.005181359
-0.000401351	0
0.007067154	0.003064956
0.007413298	0.005867873
0.003817565	-0.004221395
0.00432647	-0.001175779
-0.00248873	0.003523198
-0.000524741	0.005844552
0.001180303	0.016873161
-0.006970581	0.001831922
-0.003172481	-0.002978579
0.00764976	0.000458821
0.00785239	-0.002526124
0.004682035	-0.002763069
0.001426256	-0.000922722
0.001812298	0.000692121
-0.003368341	0.000691643
-0.004161254	0.001151676
0.002862735	0.001610121
0.017772484	0.006643021
0.00114823	0.005464494
0.008885524	-0.000454236
0.01005922	0.000454236
0.006235989	0.001134688
0.002731588	0.000906824
0.00544077	0.002037352
-0.003954027	-0.001584248
0.001608276	-0.000226526
-0.002847115	-0.004541334
0.007902251	-0.00708008
-0.005549709	-0.002294632
-0.006576101	-0.021361388
0.0071943	-0.002349625
-0.009687197	-0.025010235
-0.015215623	-0.016537342
0.005433766	-0.00738374
0.005529774	-0.019456837
0.005125282	-0.031212562
-0.022827122	-0.043283007
-0.011418419	-0.023614497
-0.011680886	-0.052478536
0.006246819	-0.035467881
0.004788659	-0.016519189
0.003480109	-0.006188139
-0.000772262	-0.028649842
-0.011265939	-0.029166034
0.004547503	-0.005936693
-0.010293934	-0.025122741
-0.016108099	-0.021602074
0.006765324	-0.013961832
0.009735612	-0.031419936
0.005613971	-0.029446368
0.012163737	0.007813993
0.013414484	0.038892781
-0.011872227	0.012752564
0.011110452	0.039342548
0.000254019	0.019105659
0.005318463	0.012865096
0.000378799	-0.001968505
-0.012832932	-0.011560822
-0.003202052	-0.007335811
0	-0.032655963
-0.008373563	-0.007287903
-0.001424054	-0.033649358
-0.002464519	-0.017442303
-0.00546945	-0.008466828
-0.016855798	0.009932029
-0.000531363	0.010196738
0.003183845	0.024339068
0.005810925	0.004586355
-0.005016565	0.018137923
-0.011179209	-0.001037524
0.002539639	0
-0.013033466	0.015110178
0.009958338	0.001021972
0.005208693	-0.003410645
-0.003870555	-0.011683982
-0.003751331	0.002416711
-0.005248636	0.008241805
-0.003920792	-0.003769064
-0.001898306	0.006160184
-0.000678881	0.007477941
0.018168941	0.009101698
0.004657037	0.013333531
-0.007863091	0.009556837
0	0.006212215
-0.004156311	0.019687581
0.011222523	0.027113893
0.010440867	0.003725555
0.00955196	-0.000930088
0.000130243	0.027533094
-0.007712005	0.006016865
-0.006846597	0.005682683
0.005533598	0.000596303
0.015902329	0.000298018
-0.01708558	0.016255715
0.011899493	0.020888488
-0.004298867	-0.004315932
-0.003662023	0.006610169
-0.008024788	0.00028641
0.002638242	-0.00516797
0.0049934	-0.017422043
0.002487427	-0.006170139
-0.00143932	0.007633625
0.000785301	-0.012360369
0.005349997	-0.000888757
-0.015211361	-0.001779888
-0.012364712	-0.005657303
0.016978774	-0.002990433
0.004592856	0.000598802
-0.003409761	-0.000598802
-0.001051551	-0.006007828
0.005900456	-0.000602773
-0.006426647	0.001807229
0.008124838	0.000902391
-0.011287703	0.002102419
0.015455448	0.002995808
0.002077331	0.001793186
0.002073128	-0.000298641
0.003488562	-0.004790428
-0.000903284	0.002098637
-0.002197067	0.002393061
0.006833873	0.001194387
-0.007610446	0.005653936
-0.002463241	0.002667063
0.002074638	0.005901463
0.007742052	0.004110399
0.001797856	0.005842845
0.007031877	0.009566677
-0.001785259	0.005466853
-0.003708207	0.009992945
0.005875595	0.008768264
-0.006772744	-0.004515955
0.00600834	-0.000565931
0.006605766	-0.002266932
0.008070661	-0.012848142
-0.011114095	-0.004031102
0.005572482	-0.000288559
0	0.001730104
0.004410555	-0.004909757
-0.0036531	0.000578871
0.008795182	0.000867679
0.005862218	0.002886838
0.012605159	0.016581283
-0.007148194	-0.000567215
0.008252791	0.00509339
0.003184351	0.008711591
0.006338441	0.009745309
0.007625734	0.017033379
0.002408733	0.00543332
0.003961852	0.009437848
0.008114603	0.01676686
0.002255631	0.004213859
0.001303549	-0.006856567
0.008138218	-0.001323977
0.000352422	0.000264936
0.002697099	-0.009314771
0.000819432	0.001869908
0.003271019	0.003995211
0.00046643	-0.01230291
0.009513925	-0.007021363
-0.012549561	-0.005707313
0.005597065	-0.01648842
-0.001978677	-0.001108955
0.006966219	0.001386002
0.00057837	0.008001146
-0.003707129	0.017434383
0.008897118	0.001618997
-0.009942278	0.002423591
0.00232096	0.013093039
0.005779027	0.00529522
0.009291779	0.002373732
0.00512497	-0.002637828
0.002269421	0.006319136
-0.000566895	0.008884302
0.003848301	-0.001301575
0.008661029	0.011396135
0.00257252	-0.003870473
-0.003581025	-0.007525662
0.010593966	0.009591778
0.000997794	0.006429236
0.005194828	0.002304443
-0.003865891	0.027246892
0.000663757	0.009166421
0.00452419	0.015174055
0.006912058	0.016620881
0.002729706	0.004528669
0.0106292	0.000475511
0.019550807	0.004032742
0.00295802	-0.00023677
0.01205775	0.000710143
0.015204317	-0.002131944
0.01568421	-0.000711659
0.002119811	0.004026056
0.011928202	-0.005213282
0.000298859	-0.002140564
0.002189076	-0.000714541
0.002283396	0.006412562
0.013005188	-0.002132955
0.000880544	0
0.009344943	0.000948542
0.0001938	0.004021295
0.010215952	-0.001181056
0.008117296	0.006126315
-0.003620747	0.000469704
0.003620747	-0.001880142
0.003797252	0.002818888
0.007739538	0.002108964
0.012612845	0.000935892
0.000835265	-0.006334332
0.002501479	0.002820213
0.005628619	0.003280228
0.002573049	-0.000702001
0.004304242	-0.00023411
0.001369819	-0.002109458
0.002824962	-0.001643772
0.00815667	-0.001881911
-0.013448663	0.000706132
-0.012797671	-0.005189915
0.010507978	-0.001183292
0.011124406	0.001419783
0.005516133	0.003540662
-0.000451026	-0.002831526
0.001622654	-0.001892148
0.008431317	-0.002844952
-0.059146393	0.001660539
0.026186879	0.001184413
0.010102933	-0.003557457
-0.019842846	0.004976903
0.002606583	-0.00616554
-0.000744001	0.001426195
0.0055669	0.003556613
9.24643E-05	-0.005220705
-0.004822378	0.000713521
0.011277629	0.00095057
-0.001471843	0.002609419
-0.009619915	-0.000948092
-0.007182495	0.003786987
0.013667648	0.000236211
-0.008718317	0.003536488
-0.008982928	0.003992959
-0.003200869	0.004677277
-0.003305845	0.000932836
-0.002747318	0.001630372
-0.008192092	0.003484729
-9.56717E-05	0.002085023
-0.004890473	-0.0058025
0.000288327	0.005339537
0.007944536	0.010365174
0.000381289	0.004344353
0.02298738	-0.001141422
0.002511475	0.004785243
-0.002884097	0.000227299
0.000186287	-0.002730999
0.008348861	0.004093706
0.003228022	0
0.004685168	-0.002499717
-0.005329934	0.002499717
-0.001014068	0.001814059
-0.00777778	-0.000679887
-0.005779852	0.001359311
-0.008638533	0.015277763
-0.001415581	0.015487035
-0.001133913	0.01676321
-0.000756597	0.036043758
-0.007312164	0.011388466
0.010429591	0.038571162
0.012187298	0.038854926
0.006501342	0.009293571
0.010223437	0.010142837
0.003749984	0.020897663
0.008725732	0.016517301
-0.005808684	0.010921244
-0.005476456	0.026879089
0.015349241	0
-0.004788364	0.030219969
0.000452741	0.005701843
-0.02048538	-0.000501798
-0.013394321	-0.0060413
0.003831922	0.002521645
0.010855105	-0.000167912
-0.019003841	0.002850677
0.014935384	-0.001005194
-0.009401996	-0.000335289
-0.018692095	-0.009772614
0.019626928	-0.032874486
0.012074104	-0.0203277
-0.005647388	-0.02421951
-0.015908973	-0.028014076
0.00620649	-0.066308666
0.013039227	-0.01805506
0.003878819	-0.043084874
-0.020298649	-0.007723703
0.017529624	-0.008218039
-0.00064721	0.016369093
-0.012190213	0.019882212
-0.025219349	0.002301016
0.005744372	0.006041056
0.001907459	0.001867414
0.006742412	0.007023371
-0.003792931	0.001439885
0.011429766	0.02074932
0.000751122	0.000603804
-0.012275914	0.012993686
0.003982539	0.023359586
0.005850205	0.029818723
0.007124826	0.01717742
0.010962577	0.00332656
0.011939855	0.009913795
0.00473636	0.005828796
0.004985236	0.002358278
0.00361013	-0.004540097
0.013511923	-0.001457195
-0.005079093	-0.008788046
-0.008703128	-0.001840604
0.001530755	0.001656696
0.015534622	0.004953684
0.005477556	0.02565633
-0.000176201	0.03177657
0.008860829	0.037810726
-0.006484408	0.021399994
0.004123364	0.010369503
0.009757832	0.008186899
-0.007833568	0
0.006879471	-0.003202565
-0.00269394	-0.008536735
0.001217497	-0.008447094
0.005633338	-0.007696755
-0.006154924	-0.019924285
-0.004444663	0.004684633
0.005313833	-0.015475498
0.008047471	-0.006462608
0.003269707	-0.012533429
-8.59241E-05	0.003105057
-0.004477405	0.004296647
-0.004064107	0.012780271
0.005012923	0.019118476
-0.001553063	0.001328021
0.003620113	0.022148391
0.000945892	-0.000974026
0.003689258	0
-0.001800018	0.002109192
-0.002921189	-0.003897374
0.00609051	-0.001302508
0.002562378	-0.003427176
-0.014001904	-0.004259508
0.011097374	-0.011725013
0.003160396	-0.014557272
0.002640192	-0.006425453
0.001614771	-0.027168108
-0.020504291	-0.000174322
-0.009930395	-0.000523149
0.015289977	0.001568628
-0.000948816	-0.001568628
0.010216899	0.001394457
0.001280473	0.000522421
0.005699458	0.000870095
-0.024993752	0.000869338
-0.012338839	-0.000521512
0.010946298	-0.000173898
0.008585215	0.001911216
0.009111332	0.017891411
-0.008075671	0.009333967
-0.002764094	0.006566233
-0.001991464	0.001174004
0.009145133	0.007514438
-0.008798504	0.003819017
0.001125731	0.000662691
-0.007296167	0.005285774
0.006949928	-0.000329544
0.011876189	-0.004790626
-0.002912922	-0.005812522
0.002057068	-0.00433985
0.005379775	-0.009918548
-0.003925246	-0.001860151
0.005542087	0.007251908
-0.004345821	0.013850868
0.004090716	0.002317498
0.003480888	0.008397184
-0.004331726	-0.000163975
0.011509885	0.004254629
0.007878702	0.00374868
0.00839679	0.004058777
-0.002486764	0.009995247
0.000663752	0.014966049
-0.008244877	0.008027115
0.017737713	0.001879405
0.007122088	0.005772697
0.023858688	0.001088393
-0.000239025	-0.000310849
0.030288765	0.00496202
0.003009834	-0.001238199
0.009051864	-0.000929656
0.022352414	-0.001085692
-0.003740839	-0.000620925
0.007616442	-0.001554002
0.005785612	0.003260619
0.00354371	0.008489671
0.004558802	0.00337579
0.006362192	0.003364432
-0.006142144	0.005025519
0.007453487	-0.002890395
-0.002405351	0.004408307
0.005821184	-0.001214145
0.001305054	0.001365809
0.011383416	0.002574784
0.002718595	-0.000302572
0.004846371	-0.000302663
-0.003989448	-0.000151366
0.014738466	0.004380341
0.003090128	-0.000301477
-0.008945332	0.006911085
0.009085593	-0.001348416
-0.014975275	0.004636909
0.026892975	0.00014922
-0.005557907	-0.00014922
0.001879277	-0.001343986
0.011408213	0.004919142
-0.026118418	-0.002232975
0.014084204	-0.000745434
0.004997241	0.004761205
0.00020767	0.005329398
-0.013729881	-0.006220399
0.004131775	0.0004456
-0.005255241	0.00474075
0.003646603	0.003688136
0.003633347	0.006311948
0.002368486	0.000585138
0.007555555	0.003212151
-0.000967252	0.000437222
0.020660223	0.009137782
0.014519338	0.006906502
0.002599215	0.008424409
-0.005539817	0.00666055
-0.01885006	0.009698579
0.005984004	0.014166904
0.004599528	0.00988069
0.003906532	0.008701618
0.004560752	0.032103989
-0.004964155	0.017414345
0.004093835	0.011018689
0.017000191	-0.000892345
0.006628474	0.0067366
0.001045947	0.001645466
-0.009321922	0.001516492
0.001845012	-0.005571751
0.012755771	-0.000508066
-0.002733749	-0.006117006
-0.008706153	-0.002559838
-0.000920864	-0.000384541
0.00636288	-0.005399165
0.018143458	-0.004521679
-0.007800149	-0.004152076
0.00032355	-0.009405687
0.004067475	-0.008303178
0.001480836	-0.01668151
-0.00638974	-0.008785621
-0.006235445	-0.020158379
-6.51246E-05	-0.001663663
0.002342995	-0.004171307
0.001429135	-0.000557491
-0.003185887	0.00083612
0.004548101	-0.005867578
0.003429856	-0.00477529
0.006567989	-0.006922398
-0.003600583	-0.029492176
-0.000773214	-0.01145387
0.002832329	-0.003402622
-0.00038583	-0.004753425
-0.013921901	0.008156047
0.012892569	0.024652988
-0.001804001	-0.008537784
-0.011284199	-0.001745455
0.007342734	-0.000582496
0.019045662	-0.002187387
-0.019045662	-0.005269333
-0.009301234	-0.001027825
0.012597582	0.001321295
0.001676306	0.000146703
0.006613392	0.000733192
0	-0.001173365
-0.005711918	0.00029347
-0.003481583	-0.004116442
0	0.000589102
-6.45568E-05	0.005139889
-0.024850892	0.0014637
0.014593048	-0.000585223
-0.000783457	-0.001611132
-0.00124164	0.000293126
-0.01045132	-0.001613258
0.006848499	0.001759789
-0.000656509	-0.000732869
0.00445557	-0.001761081
0.001110771	-0.002794736
-0.017124873	-0.000884173
0.002057253	-0.006062865
0.004101964	-0.001632896
0.003887824	-0.016326282
-0.003095882	-0.004844091
0.000527648	-0.011753169
-0.02213429	-0.006933238
0.012127845	-0.001237624
0.00232833	-0.014343869
-0.009882532	-0.016785826
-0.013375941	-0.004481442
0.005628865	-0.020582527
-0.009103297	-0.031606091
-0.011807654	-0.019454538
0.010441834	-0.014755931
0.002320793	-0.001575217
-0.008077762	0.010628204
0.012567592	0.014111403
-0.015458549	0.004262944
0.024108999	-0.00272619
-0.000605775	0.009509326
0.003763432	0.004384493
-0.024375698	-0.000168279
0.018657704	0.00033653
-0.017627278	-0.009465926
-0.005853448	-0.004766778
-0.016714604	-0.002220894
-0.021652804	-0.001197912
-0.022719097	0.010729899
-0.028219189	0.000846668
0.004295301	0.000169248
0	0.005737444
0.017220582	0.018505154
-0.003776598	0.018331119
-0.003120808	0.022609798
0.015874002	0.024588194
0.003363747	0.039434894
-0.002119298	0.010209455
-0.005869875	0.010397692
0.004552108	-0.000728704
0.008461667	-0.021813687
0.004131839	-0.000447127
-0.011788029	-0.000894855
0.019641922	-0.004186609
0.000215286	0
-0.00050248	0.00164683
0.000574191	0.008935279
0.004510191	0.018508166
0	0.013731516
0.004134313	0.004868977
0.001705793	-0.001429593
0.014382608	-0.004301082
0.005514607	-0.00201352
0	0.004166373
-0.002928042	0.010269667
-0.005741453	0.024668385
0.000421209	0.03013796
-0.004996007	0.024679507
0.011781392	0.023573168
-0.008260509	0.002812222
-0.005427256	0.01959236
0	-0.00012518
0.006972532	-0.004139754
-0.01051261	-0.009726597
-0.010122684	-0.00738951
0	-0.007573363
-0.000645125	-0.023993849
-0.017064775	-0.030961396
-0.00131353	-0.031669659
-0.010866443	-0.018005732
-0.000221595	-0.010642988
-0.002365581	-0.005218916
-0.018073673	-0.006708498
0.011390194	-0.005870284
-0.005828846	0.000735673
0.007094701	0.007181096
-0.007919339	0.009880929
-0.003682176	0.001300484
-0.000376514	0.004322773
-0.011894469	-0.007070226
0.005699753	-0.001739131
-0.007301576	0.000580046
-0.003747509	-0.001015302
-0.004992859	-0.000580636
-0.004166948	-0.002762634
0.009696074	-0.004523904
0.010588551	-0.004838364
-0.001288987	-0.008560938
0.000606811	-0.012379903
-0.008299526	-0.018632668
-0.005904614	-0.009370988
0.005063218	-0.010238997
0.001834901	-0.010660079
-0.002140993	-0.001893044
-0.016127484	-0.000315856
0.009984935	0.003468941
0.000923872	0.009088123
-0.005246178	0.00015597
0.000850505	-0.006571765
-0.004647975	-0.000156998
-0.012501069	-0.008673081
0.001021555	-0.014195948
-0.004802599	-0.005476818
0.00307316	-0.004857523
-0.003230989	0.012580811
-0.002845627	0.016216572
0.005446984	-0.002052254
-0.006714343	-0.010324927
0.004586454	-0.005443497
0.003072191	0.006401046
0.001493324	-0.002875401
0.005404376	-0.009483315
-0.000625113	-0.017102787
-0.00690202	-0.013896005
-0.001811777	-0.00752449
0.006366171	-0.008935405
-0.007786401	-0.000338753
-0.001580443	0.007762442
0.002606344	0.01881664
-0.006330105	0.007886995
0.004909306	0.000163653
-0.002530838	-0.003935076
0.006551205	-0.00197336
0.003141947	-0.002307186
0.001645567	-0.008450054
0.025356948	0.003322262
0.000915573	0.006446836
0.006613304	-0.006612687
-0.004099672	0.000994695
-0.002589855	-0.000165714
-0.007887012	0.002648131
0.000614832	0.005110884
0.00253214	0.001314708
0.009229952	0.001312982
-0.00182391	-0.010552447
0.000304176	-0.005318277
-0.016639559	-0.000500042
-0.003795999	-0.005014217
0.004955105	-0.005207908
0.001003551	-0.008797215
-0.000463019	-0.00323377
0.003159834	-0.006499082
-0.001463081	-0.001545463
0.001309137	-0.008109785
0	-0.013254467
-0.006175741	-0.021113177
0.002552122	-0.021751809
0.004008361	-0.009019849
-0.013554016	-0.02092752
-0.003906615	-0.012731763
0.009427777	-0.02047985
0.001162635	-0.005480538
-0.007385938	-0.021625682
-0.000546322	-0.002208614
-0.0027364	0.005812222
0.003672837	-0.005008525
-0.015565097	-0.006447735
-0.009152844	-0.014866377
-0.008672679	-0.027034294
-0.010214056	-0.02605315
0.018326892	-0.006076408
-0.000400104	0.008669322
-7.99952E-05	0.007310288
0.001519535	0.004915065
-0.010605057	0.005527225
0.001049477	0.01702616
0.000887141	0.039437126
0.001610931	0.010761363
-0.00282086	0.000594471
0.005232461	-0.002380009
0.001444159	-0.005375822
0.001362008	-0.012454962
-0.004172062	-0.001618451
0.000401937	0.005653155
0.001525822	0.001408309
0.001923986	0.016746803
0.004714131	0.028840658
-0.009128819	0.017140012
0.000804165	-0.004352358
0.00256883	0.009813251
0.005516664	-0.005460893
0.000159483	0.004333497
0.001911421	0.006371836
-0.000955278	0.009482269
0.000955278	0.032049356
-0.000238714	0.007676553
0.005951218	0.005321048
-0.001662774	0.001414177
0.008129156	0.001588563
-0.000865018	-0.012065441
0.004552606	-0.003576542
0.0046099	-0.000358359
0.001402259	-0.001793722
-0.004916354	-0.002696631
0.006005587	-0.010132166
-0.003505452	-0.007483835
0.003971891	0.011114262
0.000699242	0.024697032
-0.003813125	0.02754707
0.006372968	0.016205045
-0.001938661	0.005399946
0.002325966	0.00369562
-0.002636571	0.008016075
0.002559049	-0.009190473
-0.000542216	-0.011820469
0.003480932	-0.012305744
0.003930451	-0.009503311
0	0.00502209
-0.000692471	0.002243121
0.013683728	-0.005184045
0.001668837	0.011540908
-0.000834017	0.001198117
0.017148426	-0.002397672
0.00245773	-0.005157309
0.009402979	0.0022381
-0.001179797	-0.004481221
0.003388138	0.000863334
-0.003092999	0.000172577
0.00522303	-0.006926435
0.002711202	-0.011358794
0.012796408	0.004559012
0.002525388	-0.001225383
0.001656018	-0.001051525
0.000215797	-0.007391797
0.011513697	-0.016744246
-0.000782445	0.001615364
-0.008504021	-0.007199455
-0.001220768	-0.00797973
0.001220768	0.00127377
7.18361E-05	0.012828796
-0.001939475	0.016911841
0	0.020615685
-0.00028771	0.012373418
0.007452091	0.013739509
0.011145482	0.000505263
0	0.000673287
-0.007511359	0.001177163
-0.028132222	-0.000672495
0	-0.001683219
0	0.00033687
-0.001317767	-0.002529299
0	-0.005417315
-0.01016052	-0.013501017
0.003766995	-0.025970959
-0.007251197	-0.017097478
0.002743856	-0.005584091
-0.018310717	-0.013091096
0.019716837	-0.009932029
-0.002072839	-0.011900475
-0.005946227	-0.003935906
0.005279071	-0.000187811
0	-0.009056666
-0.010960859	0.004915873
0.010070511	-0.003400721
-0.00924614	0.004908449
0.000973307	0.003008652
-0.006381575	0.028322115
-0.003848694	0.033031185
0.001586568	0.008440353
-0.000755218	0.004367964
-0.014611005	-0.004893404
0.010750773	-0.001227102
-0.001973697	-0.00492352
-0.000304058	-0.007608636
-0.016863783	-0.018102475
0.002933263	-0.007443077
0.001463304	-0.010624756
0.008048819	0.017525093
0.008665953	0.015442936
0.007765705	-0.000534712
-0.000300406	0.016619902
0.006962349	-0.004921789
0.002310169	-0.005123234
-0.010625759	-0.007109877
-0.007399581	-0.000356824
-0.000530584	0.001426534
0.000909466	0.00533145
0.009575253	0.004950505
-0.008817919	-0.006369448
0.010467349	0.000177478
-0.016465681	0.026616875
-0.006954321	0.002933312
0.000919899	-0.005355459
0.001607595	-0.007301841
0.005796744	-0.011936248
-0.004497214	-0.00495664
0.004345069	-0.022977137
0.014123531	-0.006924226
0.002247383	-0.006236264
-0.027384425	0.026508451
0.015869731	0.009806622
0.004305245	-0.000532434
-0.003170517	0.004958395
0.001586568	-0.0035392
-0.001889003	-0.008009298
0.002492746	-0.012406884
-0.00537092	0.007211136
-0.001518119	-0.003058381
-0.002433771	-0.001442481
0.005922111	0.010232564
0.01256268	0.009067535
-0.009011077	0.012837598
0.01512223	0.004010817
0.01847754	0.00104366
-0.005925713	0.00347102
-0.003969958	0.006217637
0.025312254	0.004123717
-0.006412819	0.006664982
-0.002605676	0.005435719
0.025402984	0.021949444
-0.000918991	0.007923449
-0.015680985	0.009328273
0.017447458	0.025093805
0.002467874	0.018571513
0.000352072	0.003424661
0	-0.000932836
0.000351948	-0.005928254
0.006453431	-0.028890898
0.008286111	-0.015255083
0.02187932	-0.007715708
-0.001221866	-0.006779687
-0.008252995	-0.015213869
0.003418573	-0.026458828
0.022007159	-0.029669516
0.003798558	-0.001426534
-0.007946898	-0.003933493
-0.000469383	-0.000716846
-0.002081572	-0.004852197
-0.002961981	-0.018913093
-0.001214301	-0.018903454
-0.003583863	-0.013372457
0.009908753	-0.03198115
-0.000469572	-0.013997271
0.009084905	0.007121692
-0.00546782	0.040183115
0.001336343	0.003025149
-0.00542332	-0.002835809
0.001878054	-0.004363919
-0.005038471	-0.002856329
0.003563142	-0.00114482
-0.002620705	0.00912207
0.006238126	0.011286802
-0.00549825	0.009865134
0.014087091	0.003512992
-0.007853564	-0.00481037
-0.00704065	-0.011002442
-0.005262453	-0.009230545
0.003443931	-0.00398218
-0.015352479	0.003035479
0.012449577	-0.002275745
-0.014299617	0.001896814
0.015043036	0.010556177
-0.019579778	-0.006395808
-0.000482321	0.001696993
-0.01479043	-0.002452137
-0.008147857	-0.020607484
0.011639481	0.001733603
0.001462903	0.007859716
-0.002020758	-0.004785156
0.000557855	0.004212145
-0.002722413	-0.00057334
-0.014858912	0.001909855
-0.014219024	0
0.00667022	-0.010742478
0.001785523	-0.033535842
-0.006299262	-0.035732588
0.01645169	-0.018777935
-0.012438413	-0.013144137
0.011943786	-0.021353124
-0.017538106	0.000217984
0.006952202	0.005000554
0.000571232	-0.008931548
-0.014451803	-0.012329527
-0.012901553	-0.011138453
-0.003085961	-0.005616099
-0.00864717	-0.001127015
0.003334673	-0.007470323
-0.010710419	-0.013727052
0.004551058	0.008030329
0.010956661	0.004559971
-0.007315791	0.004765696
-0.000890369	0.013269058
-0.011047444	0.005347606
0.009858972	-0.002447437
-0.002902752	-0.003347097
-0.002986035	0.000223489
-7.47262E-05	-0.004703783
0.002762499	-0.008115464
0.010384376	-0.002492919
-0.006291934	0.004527968
-0.008276527	-0.006117613
-0.000898847	-0.005012542
0.008655508	-0.013568105
-0.014065808	-0.004874096
-0.002262979	0.00556846
0.001282956	0.034117478
0.003613728	0.039891329
0.00322612	0.000644399
0	-0.009926711
0.014943924	-0.003040836
-0.003326292	-0.008519986
0.004727435	-0.003296344
0.000810291	0.001539646
-0.00287579	0.005479466
0.034260871	0.008271706
0.003916987	0.000866739
-0.006417656	0.000865988
0.015263201	-0.00412014
0.019672717	0.002820876
0.024294985	0.002596842
-0.009960451	-0.001514005
-0.00238627	-0.004773279
6.82229E-05	-0.002395211
-0.007192469	0.000653808
0.002951723	0.003479777
0.02001897	0.001518603
0.002884897	-0.002604733
0.017136458	0.001954186
-0.002241635	-0.002171554
0.002109891	-0.005012542
0.027415001	0.00522991
-0.007590465	-0.012025946
-0.002780339	0.007232908
0.028721101	-0.005035588
-0.023812197	0.003286954
0.002316908	-0.001094451
-0.00032149	-0.005710536
0.001477976	-0.002425847
-0.002185583	0.004406264
0.008968728	0.002634469
0.008636077	0.0041571
0.007307598	-0.000655236
-0.006738741	-0.000655666
-0.008439952	0.001310903
-0.000318704	0.001963137
-0.006780102	0.002611536
-0.007925529	0.000434594
-0.00155384	0.003036879
-0.001361501	0.00583092
0.01506787	0.004082954
0.001596475	0.000857449
0.01526073	-0.000643018
-0.012266232	0.000428725
-0.001273137	-0.002145463
0.001972688	-0.002580647
-0.001463219	0.000215308
0.005903423	-0.006046229
0.001328276	-0.00173423
-0.006468031	0.010575258
0.00987536	-0.007542326
0	-0.000432713
-0.012678458	0.002161696
-0.003835134	-0.006499156
-0.003528395	-0.011586095
-0.00806586	0.003292726
0.026026932	-0.008362725
-0.001389685	-0.000884369
-0.014324613	-0.007103249
0.003201027	-0.001783724
-0.002047425	-0.006717446
0	-0.005406636
0.008926884	0.001805462
-0.00764674	0.002252253
-0.002241402	-0.002026799
-0.011607063	-0.007239851
-0.002402644	0.001361471
0.002143212	-0.009340539
0.006853315	-0.012436825
-0.001353957	-0.010249333
-0.000709975	-0.007756532
0.00116147	-0.003072199
0.005146049	-0.005696669
-0.000962827	-0.013902429
-0.001928536	-0.001449276
-0.001030091	-0.009227846
-0.003484279	-0.002931837
-0.00459984	-0.009835339
0.000714037	-0.035718083
0.000713521	-0.008744912
-0.015289393	0.001806685
-0.002901248	0.00488747
0.016438335	0.017803115
-0.036514435	0.010531692
-0.008592962	0.005968682
0.011754442	-0.006717279
0.019486588	-0.001498876
-0.030697545	0.000249969
0.017771065	-0.0005
	
